A:[0.3, 'cal', [0.01, 1.0], 0.326, 0.02, array([0.35092464, 0.34138806, 0.3852614 , 0.3399132 , 0.75946065,
       0.34466081, 0.3381402 , 0.34502353, 0.34323112, 0.34867154,
       0.46622281, 0.33573286, 0.34739495, 0.32888244, 0.39381263,
       0.33111492, 0.34114089, 0.35152902, 0.43322302, 0.34949113,
       0.34660112, 0.3467839 , 0.33896446, 0.3436447 , 0.51284921,
       0.4517347 , 0.36557549, 0.35803798, 0.35349857, 0.34100607,
       0.33110372, 0.34676285, 0.35950382, 0.35128521, 0.34841509,
       0.32642803, 0.35025486, 0.35033536, 0.34752573, 0.34125488,
       0.34655407, 0.3715893 , 0.34565332, 0.33995835, 0.34006434,
       0.34386909, 0.34160069, 0.3369332 , 0.34663771, 0.34065066,
       0.35744099, 0.34651774, 0.37247086, 0.34330829, 0.34459143,
       0.35609183, 0.33511817, 0.3448356 , 0.36199861, 0.37700804])]
B:[1.5, 'cal', [0.1, 3.0], 0.654, 0.054, array([0.63695732, 0.70359798, 0.50050583, 0.73414167, 0.14782923,
       0.68261459, 0.69572941, 0.69426431, 0.68770286, 0.70546564,
       0.32028195, 0.72893182, 0.66162403, 0.75262776, 0.4625131 ,
       0.74340162, 0.72543692, 0.63677899, 0.37308773, 0.65477809,
       0.68275638, 0.69561834, 0.70700279, 0.7326794 , 0.27734984,
       0.35530559, 0.57579042, 0.61945991, 0.64359158, 0.71302818,
       0.82372557, 0.66975788, 0.60851791, 0.66433497, 0.65495022,
       0.85578639, 0.65469228, 0.66313575, 0.66277105, 0.71066459,
       0.67260643, 0.54591769, 0.70722292, 0.73738803, 0.72046624,
       0.71722911, 0.77158541, 0.76964401, 0.66500922, 0.73482748,
       0.62971694, 0.66595999, 0.53740149, 0.69495248, 0.72298306,
       0.61124045, 0.77464729, 0.70701217, 0.60575627, 0.52856437])]
C:[-15, 'cal', [-30.0, -5.0], -14.227, 0.286, array([-13.89654225, -14.14636397, -14.38109513, -14.057312  ,
       -13.94318924, -13.74325517, -13.78564742, -13.84140025,
       -13.77126776, -13.57071229, -14.21762417, -14.09351043,
       -13.85129954, -14.43236574, -14.1170157 , -14.33195515,
       -13.94855757, -14.21474762, -14.05559799, -14.08358184,
       -14.27172273, -14.37512253, -14.24696772, -14.00942049,
       -14.00723345, -14.18442603, -13.98517377, -14.2007237 ,
       -13.99352135, -13.995896  , -14.38264971, -13.52726574,
       -13.24920499, -13.87519157, -14.26370701, -14.56819978,
       -14.07846874, -14.34167781, -14.34643547, -14.15685651,
       -14.13549188, -13.79325822, -14.26125586, -14.56644448,
       -14.47753742, -14.30912397, -14.21547796, -14.1800472 ,
       -13.77136996, -14.62342873, -14.02284867, -14.24373357,
       -13.84530408, -14.15478048, -14.4073861 , -13.67803187,
       -14.49499613, -14.03658026, -14.49475246, -14.37341313])]
D:[30, 'cal', [10.0, 100.0], 27.893, 1.345, array([27.03115552, 28.7517438 , 28.69952921, 29.28130083, 24.35386995,
       27.98440023, 27.68332961, 27.13955083, 27.15040564, 26.846958  ,
       27.22208062, 29.40063461, 27.30672206, 29.96484981, 27.75754219,
       28.98545271, 28.67852979, 29.07369994, 26.90448449, 27.71086644,
       28.05026329, 28.45534121, 29.09880468, 27.7278208 , 25.12772626,
       26.02135013, 26.2243203 , 28.40179333, 27.04787183, 27.3389    ,
       30.35009645, 26.99622809, 24.49410514, 26.47686369, 28.61152634,
       30.65732706, 27.43163506, 28.58271644, 28.90276879, 28.20819176,
       28.58209953, 26.25177251, 29.16979958, 30.59310839, 29.46365558,
       29.08103262, 28.86762374, 28.0632885 , 27.56440435, 30.60471907,
       27.88945861, 29.08325027, 26.00663608, 28.85369052, 28.79475063,
       25.78776805, 30.34652889, 28.33708341, 28.73968608, 27.61731509])]
W_max:[100, 'cal', [1.0, 50.0], 11.886, 0.912, array([12.59139163, 13.10368277, 13.5041382 , 12.70982982, 11.37776539,
       13.38603225, 12.56711734, 12.32567637, 12.7317097 , 12.23873034,
       12.60444799, 13.58403976, 12.39714783, 13.70709896, 12.31961819,
       13.370833  , 13.24302286, 13.23472121, 12.2039469 , 12.6019516 ,
       12.01298224, 11.70435748, 12.31479495, 11.17835451,  7.44226787,
       11.67252375, 11.09850697, 12.57754487, 11.49303758, 11.98703056,
       13.55413417, 11.45121653, 10.52426016, 11.2999454 , 12.73812838,
       12.93713273, 11.71503929, 11.47297454, 12.271566  , 11.72621693,
       11.79958387, 11.63175132, 11.97747843, 13.30164684, 12.03561265,
       11.9764997 , 11.6112152 , 11.56343771, 11.75781693, 13.01412083,
       13.11507135, 12.3776052 , 11.24170038, 12.72976068, 11.84989595,
       10.91803879, 12.35620036, 11.70206491, 12.38734974, 11.65264528])]
WW_fc:[0.32, 'cal', [0.31, 0.33], 0.316, 0.007, array([0.32456599, 0.31627618, 0.31345341, 0.31235423, 0.32066887,
       0.31230681, 0.31544712, 0.32690441, 0.32088255, 0.32127809,
       0.31086705, 0.31100159, 0.32102266, 0.31561989, 0.31171831,
       0.3188945 , 0.31387144, 0.31191276, 0.31340368, 0.3237216 ,
       0.3253128 , 0.32267578, 0.31695613, 0.3225724 , 0.32744623,
       0.32316403, 0.32990463, 0.31486947, 0.32387694, 0.32898489,
       0.31679985, 0.31416969, 0.3294918 , 0.32954227, 0.32006707,
       0.31498877, 0.32536621, 0.32050813, 0.31635662, 0.32008856,
       0.31246284, 0.32242313, 0.31513146, 0.31161129, 0.3174113 ,
       0.31630407, 0.32308984, 0.32536068, 0.31466893, 0.31180866,
       0.31566369, 0.31412222, 0.3249303 , 0.31656198, 0.32218077,
       0.32734038, 0.31203917, 0.31474616, 0.320163  , 0.32419993])]
WW_w:[0.09, 'cal', [0.08, 0.1], 0.095, 0.005, array([0.09479062, 0.09583979, 0.09993633, 0.09132962, 0.0857527 ,
       0.08729406, 0.08743001, 0.09557332, 0.08890712, 0.0862208 ,
       0.09565037, 0.09499463, 0.09177813, 0.09962144, 0.09506734,
       0.09974498, 0.09246717, 0.09579975, 0.09281138, 0.09608795,
       0.09830158, 0.09716639, 0.09811029, 0.08894775, 0.09181034,
       0.09507487, 0.08951568, 0.09265528, 0.08932435, 0.09394698,
       0.09998415, 0.08325258, 0.08004975, 0.08831315, 0.09911001,
       0.09996691, 0.09650111, 0.09678193, 0.09379469, 0.08977368,
       0.0900768 , 0.08930023, 0.09581386, 0.09992078, 0.0985953 ,
       0.0949017 , 0.09834277, 0.09203222, 0.08813075, 0.09976279,
       0.09242006, 0.09722058, 0.08812857, 0.09562878, 0.09724855,
       0.0864509 , 0.09662863, 0.08610068, 0.09960497, 0.09756656])]
rho_st:[0.4, 'cal', [0.3, 0.5], 0.331, 0.048, array([0.3966812 , 0.36605302, 0.36818575, 0.33662524, 0.37483751,
       0.39387125, 0.38770256, 0.38629057, 0.39762961, 0.38879355,
       0.39751391, 0.36943453, 0.39260923, 0.34380375, 0.40461935,
       0.35058465, 0.36869677, 0.37004468, 0.40532023, 0.37183344,
       0.32933747, 0.31936578, 0.35831769, 0.31085948, 0.30024597,
       0.3628207 , 0.31947235, 0.34320638, 0.34531246, 0.32787053,
       0.31268717, 0.42074427, 0.43069715, 0.3245413 , 0.36875883,
       0.30190675, 0.36747957, 0.30800415, 0.30200403, 0.30259605,
       0.34116726, 0.39987782, 0.3182702 , 0.31840893, 0.3172442 ,
       0.32414844, 0.30879694, 0.30578569, 0.39539958, 0.30716781,
       0.36771669, 0.36353903, 0.3784873 , 0.35376077, 0.3034258 ,
       0.39843118, 0.30235829, 0.30628759, 0.31782775, 0.30600417])]
Kc0:[1, 'cal', [0.4, 0.6], 0.47, 0.04, array([0.52444177, 0.50347144, 0.52433721, 0.50040717, 0.50230881,
       0.53185663, 0.50380068, 0.50939841, 0.52531465, 0.50136177,
       0.50714137, 0.51454608, 0.50970249, 0.50108623, 0.50462522,
       0.50132195, 0.50701265, 0.50175136, 0.50348655, 0.50203855,
       0.4483573 , 0.42752731, 0.47245733, 0.43623213, 0.40155991,
       0.46287249, 0.45576322, 0.46529766, 0.4474798 , 0.48695285,
       0.46945201, 0.49050268, 0.48299652, 0.46281202, 0.49891737,
       0.44015019, 0.47072384, 0.44484704, 0.45847053, 0.44636035,
       0.43657311, 0.49081152, 0.42646148, 0.46119155, 0.4299065 ,
       0.43254757, 0.4501074 , 0.43187305, 0.47701968, 0.44331721,
       0.49863206, 0.47524537, 0.46305921, 0.48122115, 0.41822903,
       0.4702235 , 0.42076151, 0.44679832, 0.44407658, 0.4508729 ])]
