A:[0.3, 'cal', [0.01, 1.0], 0.343, 0.015, array([0.37697261, 0.37740189, 0.34745012, 0.38020746, 0.36160423,
       0.37911756, 0.3521726 , 0.37701403, 0.4726141 , 0.33609646,
       0.35209037, 0.34771811, 0.35671147, 0.35190592, 0.3486391 ,
       0.3372742 , 0.34913082, 0.34118966, 0.35047658, 0.35637541])]
B:[1.5, 'cal', [0.1, 3.0], 0.629, 0.098, array([0.56555752, 0.53907431, 0.69945978, 0.52274024, 0.60431053,
       0.53454985, 0.68690457, 0.53783674, 0.3474986 , 0.78955617,
       0.67775603, 0.71386268, 0.65564776, 0.68865267, 0.67092504,
       0.83704221, 0.67401494, 0.75899347, 0.68156423, 0.63279926])]
C:[-15, 'cal', [-30.0, -5.0], -14.211, 0.29, array([-13.54867119, -13.71790727, -14.31786657, -13.96561472,
       -14.12418643, -13.77511256, -14.07342531, -13.89109652,
       -14.56080912, -14.38390526, -14.11417479, -14.20525814,
       -13.90650542, -14.18029787, -14.16823324, -14.15759528,
       -14.52954947, -14.36476974, -14.23340197, -13.85051892])]
D:[30, 'cal', [10.0, 100.0], 28.417, 1.493, array([26.11189977, 26.147491  , 29.25704969, 27.16811236, 27.80943531,
       25.59938833, 28.24131623, 25.71854628, 28.12298684, 30.03408055,
       28.2570349 , 29.13750981, 28.45009851, 28.55571012, 28.08473879,
       30.14971498, 29.67241587, 29.55736531, 29.3772502 , 27.43364619])]
W_max:[100, 'cal', [1.0, 100.0], 11.51, 0.772, array([ 8.15038119,  8.08067146, 11.55834715, 10.74026057, 11.34109355,
       10.11073702, 11.47932412, 10.2513089 , 12.35841979, 11.75666067,
       10.9834596 , 12.13260051,  8.12226041, 11.62453803, 11.04679508,
       12.1317248 , 12.18449054, 11.52181611, 11.56603912, 11.21434957])]
WW_fc:[0.32, 'cal', [0.31, 0.33], 0.315, 0.003, array([0.32685943, 0.32167177, 0.31318261, 0.31472572, 0.3172278 ,
       0.32997932, 0.31735706, 0.32999934, 0.31390169, 0.31578557,
       0.31765972, 0.31687257, 0.31390126, 0.31884945, 0.32359796,
       0.3121075 , 0.31382018, 0.31633369, 0.31306942, 0.31687807])]
WW_w:[0.09, 'cal', [0.08, 0.1], 0.096, 0.005, array([0.09189975, 0.08741709, 0.09542099, 0.08794007, 0.09232218,
       0.08871377, 0.09255025, 0.08910358, 0.09800201, 0.09946869,
       0.09373164, 0.09798958, 0.09490165, 0.09619361, 0.09817549,
       0.09629334, 0.09998608, 0.09890109, 0.09708212, 0.08660688])]
rho_st:[0.02, 'cal', [0.3, 0.5], 0.3, 0.0, array([0.3004927 , 0.30025948, 0.30003751, 0.30018628, 0.30000632,
       0.31030245, 0.30086321, 0.30001586, 0.30028742, 0.30473077,
       0.30002701, 0.30010301, 0.30095516, 0.30156522, 0.30033437,
       0.30014755, 0.30075327, 0.30001297, 0.30003029, 0.30002113])]
Kc0:[0.04, 'cal', [0.4, 0.6], 0.453, 0.026, array([0.40053312, 0.40031294, 0.42523344, 0.45975938, 0.4476949 ,
       0.46359384, 0.45353357, 0.45057914, 0.45632602, 0.44370284,
       0.43027589, 0.47476244, 0.40005854, 0.46123442, 0.47112418,
       0.46872087, 0.4282598 , 0.42791922, 0.47662685, 0.48053919])]
