A:[0.3, 'cal', [0.01, 1.0], 0.329, 0.021, array([0.35092464, 0.34138806, 0.3852614 , 0.3399132 , 0.75946065,
       0.34466081, 0.3381402 , 0.34502353, 0.34323112, 0.34867154,
       0.46622281, 0.33573286, 0.34739495, 0.32888244, 0.39381263,
       0.33111492, 0.34114089, 0.35152902, 0.43322302, 0.34949113])]
B:[1.5, 'cal', [0.1, 3.0], 0.665, 0.021, array([0.63695732, 0.70359798, 0.50050583, 0.73414167, 0.14782923,
       0.68261459, 0.69572941, 0.69426431, 0.68770286, 0.70546564,
       0.32028195, 0.72893182, 0.66162403, 0.75262776, 0.4625131 ,
       0.74340162, 0.72543692, 0.63677899, 0.37308773, 0.65477809])]
C:[-15, 'cal', [-30.0, -5.0], -14.067, 0.242, array([-13.89654225, -14.14636397, -14.38109513, -14.057312  ,
       -13.94318924, -13.74325517, -13.78564742, -13.84140025,
       -13.77126776, -13.57071229, -14.21762417, -14.09351043,
       -13.85129954, -14.43236574, -14.1170157 , -14.33195515,
       -13.94855757, -14.21474762, -14.05559799, -14.08358184])]
D:[30, 'cal', [10.0, 100.0], 27.67, 1.219, array([27.03115552, 28.7517438 , 28.69952921, 29.28130083, 24.35386995,
       27.98440023, 27.68332961, 27.13955083, 27.15040564, 26.846958  ,
       27.22208062, 29.40063461, 27.30672206, 29.96484981, 27.75754219,
       28.98545271, 28.67852979, 29.07369994, 26.90448449, 27.71086644])]
W_max:[100, 'cal', [1.0, 50.0], 12.751, 0.637, array([12.59139163, 13.10368277, 13.5041382 , 12.70982982, 11.37776539,
       13.38603225, 12.56711734, 12.32567637, 12.7317097 , 12.23873034,
       12.60444799, 13.58403976, 12.39714783, 13.70709896, 12.31961819,
       13.370833  , 13.24302286, 13.23472121, 12.2039469 , 12.6019516 ])]
WW_fc:[0.32, 'cal', [0.31, 0.33], 0.311, 0.002, array([0.32456599, 0.31627618, 0.31345341, 0.31235423, 0.32066887,
       0.31230681, 0.31544712, 0.32690441, 0.32088255, 0.32127809,
       0.31086705, 0.31100159, 0.32102266, 0.31561989, 0.31171831,
       0.3188945 , 0.31387144, 0.31191276, 0.31340368, 0.3237216 ])]
WW_w:[0.09, 'cal', [0.08, 0.1], 0.094, 0.005, array([0.09479062, 0.09583979, 0.09993633, 0.09132962, 0.0857527 ,
       0.08729406, 0.08743001, 0.09557332, 0.08890712, 0.0862208 ,
       0.09565037, 0.09499463, 0.09177813, 0.09962144, 0.09506734,
       0.09974498, 0.09246717, 0.09579975, 0.09281138, 0.09608795])]
rho_st:[0.4, 'cal', [0.3, 0.5], 0.383, 0.021, array([0.3966812 , 0.36605302, 0.36818575, 0.33662524, 0.37483751,
       0.39387125, 0.38770256, 0.38629057, 0.39762961, 0.38879355,
       0.39751391, 0.36943453, 0.39260923, 0.34380375, 0.40461935,
       0.35058465, 0.36869677, 0.37004468, 0.40532023, 0.37183344])]
Kc0:[1, 'cal', [0.5, 1.5], 0.5, 0.002, array([0.52444177, 0.50347144, 0.52433721, 0.50040717, 0.50230881,
       0.53185663, 0.50380068, 0.50939841, 0.52531465, 0.50136177,
       0.50714137, 0.51454608, 0.50970249, 0.50108623, 0.50462522,
       0.50132195, 0.50701265, 0.50175136, 0.50348655, 0.50203855])]
