A:[0.3, 'cal', [0.01, 1.0], 0.312, 0.03, array([0.38410829, 0.42117474, 0.34152846, 0.33580082, 0.34535375,
       0.311901  , 0.55988469, 0.37234223, 0.3511112 , 0.3611545 ,
       0.3382172 , 0.73655436, 0.33160563, 0.34593254, 0.66122069,
       0.31936788, 0.34010561, 0.34096096, 0.33914689, 0.31543461,
       0.35741906, 0.34766775, 0.39378418, 0.41766792, 0.32737024,
       0.3524316 , 0.35820585, 0.35391392, 0.33965267, 0.41992765,
       0.35093064, 0.34660468, 0.33854459, 0.35909416, 0.49697349,
       0.46427425, 0.33972046, 0.41473022, 0.32213464, 0.32106877,
       0.32372134, 0.33890669, 0.34477997, 0.35854107, 0.38908861,
       0.71781393, 0.3447226 , 0.35462075, 0.33433511, 0.51225923])]
B:[1.5, 'cal', [0.1, 3.0], 0.643, 0.134, array([0.51288239, 0.4032642 , 0.74379549, 0.78807443, 0.7295387 ,
       0.81835496, 0.23470079, 0.57193801, 0.65852812, 0.58904602,
       0.7174308 , 0.15763612, 0.90950579, 0.69809163, 0.19344083,
       0.98785258, 0.74702204, 0.7434174 , 0.7964993 , 0.99398964,
       0.6366882 , 0.65731488, 0.4691592 , 0.43279228, 0.73193929,
       0.6319391 , 0.60566832, 0.64860178, 0.72216087, 0.39832129,
       0.69612517, 0.61810374, 0.75264787, 0.60835697, 0.29579975,
       0.33130844, 0.99197173, 0.44851668, 0.87139609, 0.77986208,
       0.93904543, 0.72068517, 0.65833371, 0.61709192, 0.51530622,
       0.15371008, 0.703729  , 0.63720737, 0.7237809 , 0.27841505])]
C:[-15, 'cal', [-30.0, -5.0], -14.192, 0.835, array([-14.13069001, -13.11078668, -14.69624451, -12.79391636,
       -13.10973593, -16.00231245, -14.07805375, -13.54007648,
       -12.77690082, -14.09496912, -15.99549144, -14.58085711,
       -13.8880572 , -14.02047757, -14.68725937, -15.76298363,
       -14.03654236, -14.39096444, -12.86897122, -15.63582184,
       -14.70510505, -13.33674457, -14.1254966 , -14.40500164,
       -14.99385594, -14.05318211, -15.4286872 , -14.21780492,
       -14.89642022, -13.82122954, -13.9162437 , -16.11087558,
       -13.99596441, -13.74213565, -13.01237106, -13.75077124,
       -12.44741107, -13.22325729, -14.55224897, -13.49697629,
       -14.15215557, -13.88126713, -14.60201373, -14.79339694,
       -13.63315463, -14.67920684, -13.27903754, -13.40396556,
       -13.71218995, -14.34926518])]
D:[30, 'cal', [10.0, 100.0], 26.9, 2.619, array([29.30151078, 21.43048587, 32.01984678, 24.93214346, 25.50768702,
       36.0616594 , 25.11559552, 28.14523249, 22.51519947, 27.52065284,
       36.0007314 , 28.32424072, 26.96577189, 26.62182808, 27.33805378,
       39.27219068, 29.85279654, 26.91664   , 23.12933784, 38.01895272,
       28.66318262, 26.06619752, 26.99842887, 28.1022368 , 31.69615965,
       28.95516042, 34.59365935, 30.63378446, 31.443402  , 23.54443936,
       28.7563499 , 37.20425873, 30.07315082, 27.85994936, 23.16018232,
       26.54872399, 27.53142541, 23.86928359, 29.32462939, 27.19113747,
       28.16922805, 28.89966057, 31.54404545, 31.66660909, 23.87445397,
       28.52702856, 23.45573311, 27.27781227, 28.32727965, 26.74808949])]
W_max:[100, 'cal', [5.0, 30.0], 11.547, 1.937, array([13.8010932 ,  9.56148055, 13.14213689, 11.71228014, 10.64665484,
       14.0767264 , 13.11897453, 12.69606172,  9.56213008, 12.6992261 ,
       14.10307974,  7.71781057,  7.80212793, 11.51100593,  7.15938121,
       16.72012079,  8.29209794, 11.30400938,  8.55745411, 14.94192458,
       11.714799  , 10.51348702, 12.48120075, 12.4767758 , 14.14955581,
       13.61883589,  8.12300229, 13.29946325, 12.67506068, 10.40696471,
       13.09660228, 15.67540774, 11.95580985, 11.60201115,  6.16539731,
       12.46799038,  6.80206351,  9.39396285, 12.54615868, 11.26554349,
       11.41994288, 11.70654387, 12.9812276 , 12.64526034,  9.34904595,
       12.72283239,  9.77564953, 11.15262779,  7.3729607 , 12.13529298])]
WW_fc:[0.32, 'cal', [0.29, 0.35], 0.301, 0.016, array([0.30104251, 0.34230527, 0.30233444, 0.32229241, 0.31819159,
       0.30368563, 0.32809358, 0.29543389, 0.34022346, 0.3221191 ,
       0.29970909, 0.30130238, 0.33874272, 0.33752865, 0.31636639,
       0.29074238, 0.30273969, 0.3473011 , 0.34512011, 0.29470236,
       0.33224165, 0.31375156, 0.31963194, 0.31524841, 0.31064428,
       0.30681813, 0.29811695, 0.29361282, 0.31095438, 0.34201524,
       0.30863306, 0.29066996, 0.29652906, 0.30396131, 0.31326324,
       0.3035351 , 0.3021593 , 0.32344234, 0.33403638, 0.30980195,
       0.33574408, 0.3023085 , 0.30005352, 0.29968222, 0.34205582,
       0.29792286, 0.3487586 , 0.29780353, 0.30672395, 0.31587588])]
WW_w:[0.09, 'cal', [0.06, 0.12], 0.089, 0.022, array([0.09120755, 0.06559068, 0.10133142, 0.06857964, 0.06673152,
       0.11977617, 0.09730969, 0.07526314, 0.06444611, 0.09659195,
       0.11764286, 0.0954109 , 0.10018206, 0.10134419, 0.10504548,
       0.11876653, 0.09028973, 0.10577972, 0.06356819, 0.11417799,
       0.10896893, 0.07428824, 0.0956727 , 0.09963736, 0.10559295,
       0.09138608, 0.11444207, 0.08713493, 0.10526511, 0.08739284,
       0.08816264, 0.11954929, 0.07920306, 0.08134736, 0.06234731,
       0.08056527, 0.06314531, 0.06422511, 0.11158838, 0.07059235,
       0.09826787, 0.08063895, 0.10171223, 0.09772561, 0.07786777,
       0.09773644, 0.07490834, 0.06660892, 0.07827229, 0.09465437])]
rho_st:[0.4, 'cal', [0.25, 0.5], 0.323, 0.067, array([0.3841037 , 0.38486317, 0.32242869, 0.43265787, 0.350749  ,
       0.25497504, 0.4241884 , 0.37867401, 0.43445554, 0.38052531,
       0.25099123, 0.2526445 , 0.37005564, 0.38939494, 0.27573372,
       0.2934048 , 0.34802286, 0.31094696, 0.29932651, 0.28312387,
       0.27196027, 0.42239433, 0.39343098, 0.35861928, 0.28114526,
       0.38027369, 0.25045957, 0.34213065, 0.30193968, 0.36787625,
       0.36690096, 0.28811058, 0.30716204, 0.3794614 , 0.39975981,
       0.39474673, 0.32305834, 0.29792489, 0.33638145, 0.33467883,
       0.29256309, 0.34239577, 0.36488672, 0.2774144 , 0.25916644,
       0.35801741, 0.34313109, 0.37448832, 0.25514444, 0.3191202 ])]
Kc0:[1, 'cal', [0.35, 0.65], 0.448, 0.027, array([0.52057922, 0.46266125, 0.44871283, 0.52057041, 0.45068465,
       0.41509879, 0.58448048, 0.47834415, 0.4601686 , 0.5108058 ,
       0.40331589, 0.35045166, 0.35107681, 0.49675127, 0.35006256,
       0.50784401, 0.35066832, 0.43446959, 0.44541333, 0.46132927,
       0.4621253 , 0.45681405, 0.5066    , 0.47580041, 0.44920802,
       0.51953403, 0.35007192, 0.45893226, 0.42819077, 0.4817365 ,
       0.49393904, 0.47994191, 0.42894406, 0.45023791, 0.35011548,
       0.4954597 , 0.35428305, 0.45892676, 0.48150969, 0.44403012,
       0.44634283, 0.42733375, 0.4724619 , 0.42990757, 0.4474681 ,
       0.46078484, 0.44773598, 0.42413394, 0.36324952, 0.50384091])]
