A:[0.3, 'cal', [0.01, 1.0], 0.336, 0.015, array([0.34867666, 0.35234425, 0.32825686, 0.32569495, 0.37224073,
       0.32844537, 0.3443679 , 0.32506875, 0.31451811, 0.34907466,
       0.34910235, 0.32621516, 0.3322619 , 0.34377018, 0.34631093,
       0.35749559, 0.3160469 , 0.34675128, 0.32583365, 0.34269374,
       0.33165657, 0.33553183, 0.30820902, 0.34425777, 0.33122358,
       0.32430599, 0.330477  , 0.36855524, 0.34214511, 0.40207119,
       0.32564006, 0.3468625 , 0.32885844, 0.34566185, 0.34881758,
       0.34687204, 0.35214381, 0.33321487, 0.3530853 , 0.34635532,
       0.35148578, 0.36456883, 0.3441293 , 0.35153913, 0.38780679,
       0.33771858, 0.35101782, 0.34169154, 0.3400162 , 0.33537167])]
B:[1.5, 'cal', [0.1, 3.0], 0.782, 0.136, array([0.81985323, 0.82385629, 0.99677944, 0.96714789, 0.67068782,
       1.08324583, 0.82731544, 1.16782721, 1.25890457, 0.81254535,
       0.84406741, 1.02610159, 0.97098573, 0.88717422, 0.84098637,
       0.73853349, 1.15347227, 0.83025231, 2.63133203, 0.85029112,
       0.98678961, 0.90885381, 2.6011609 , 0.85376967, 1.02690929,
       1.14095897, 0.93973795, 0.64794201, 0.88539311, 0.54222631,
       0.97503532, 0.82851053, 2.46024564, 0.8656015 , 0.81597778,
       0.83411577, 0.76771089, 0.89090433, 0.79822826, 0.83897198,
       0.79090442, 0.69539248, 0.85959702, 0.78901328, 0.59314575,
       0.95329776, 0.8070222 , 0.91077577, 0.87404773, 1.00222803])]
C:[-15, 'cal', [-30.0, -5.0], -16.718, 1.019, array([-15.25879704, -16.28137438, -16.33702355, -16.43106346,
       -14.92021955, -16.74684925, -15.48759138, -18.07653335,
       -17.18986567, -16.2501557 , -16.82470077, -17.64433293,
       -17.37765306, -17.21389153, -15.69159854, -15.29571588,
       -18.62956236, -15.63591213, -25.71525941, -15.99629957,
       -16.38361317, -16.52491328, -22.91159545, -16.17067925,
       -17.13673374, -18.5818073 , -16.90117056, -16.11833609,
       -15.38494279, -16.45617689, -16.53599913, -15.77391782,
       -20.51351559, -16.64191531, -15.00590987, -15.39079878,
       -16.2767524 , -16.67961965, -15.26340504, -15.73117775,
       -15.60162192, -15.49975435, -16.04786687, -15.76580426,
       -16.31832233, -16.66972493, -16.29348789, -15.95870674,
       -17.45119932, -17.33638264])]
D:[30, 'cal', [10.0, 100.0], 32.424, 3.706, array([31.57653318, 34.7317178 , 36.6310952 , 36.80179065, 28.68356657,
       38.03890315, 31.83446771, 42.21753711, 39.98462582, 35.30080721,
       37.04134231, 40.40575049, 39.25005799, 38.18932244, 33.53054804,
       30.4703674 , 43.69553903, 32.11995349, 71.09784851, 33.94594186,
       36.74964997, 36.64256932, 62.56446752, 35.46403004, 39.02330464,
       43.48975395, 37.09227022, 32.93660403, 32.38060929, 33.13201164,
       36.93378198, 32.10605232, 55.6384486 , 36.62656253, 29.96253692,
       31.61319967, 35.44855564, 36.81393608, 31.82502794, 32.77293301,
       32.70366422, 31.17524761, 34.9671178 , 33.26788299, 33.96161729,
       37.31035018, 34.57433612, 34.57247033, 38.90204721, 39.53850653])]
W_max:[100, 'cal', [1.0, 100.0], 4.525, 0.432, array([4.39160946, 4.61624696, 5.05073002, 5.22571315, 4.11432946,
       5.06954234, 4.71219465, 5.41338959, 5.16826439, 4.87538965,
       4.83992255, 5.75181453, 5.49720956, 5.01941359, 4.62786388,
       4.43595379, 5.49848566, 4.53490111, 1.93093257, 4.78259974,
       4.95648757, 4.92732114, 8.41118563, 4.94705001, 5.26852733,
       5.96234444, 4.83599162, 4.69041043, 4.66432117, 4.47640039,
       5.09830307, 4.37657547, 6.43176418, 4.90346902, 4.20802705,
       4.36598878, 5.36378107, 4.9710191 , 4.43073523, 4.54427112,
       4.6363604 , 4.46429627, 4.66544812, 4.68301755, 4.87941713,
       5.11476099, 4.82559707, 4.5620033 , 5.72645749, 5.18896555])]
WW_fc:[0.32, 'cal', [0.31, 0.33], 0.31, 0.001, array([0.31807506, 0.31637294, 0.31057251, 0.31043301, 0.32999564,
       0.31278726, 0.3241366 , 0.31028165, 0.31020365, 0.31190622,
       0.31010665, 0.31018017, 0.31021752, 0.31125661, 0.31378075,
       0.32947858, 0.31115378, 0.32551299, 0.31131875, 0.31908148,
       0.31008171, 0.31045341, 0.31050845, 0.31060272, 0.31032041,
       0.31068203, 0.31478167, 0.32072333, 0.32048397, 0.31912319,
       0.31067863, 0.3294629 , 0.31051266, 0.31070961, 0.32763089,
       0.32384485, 0.31027044, 0.31020181, 0.31695486, 0.32121224,
       0.3165647 , 0.32159607, 0.31160079, 0.31679891, 0.31212878,
       0.31081823, 0.31749898, 0.31231271, 0.31012111, 0.31003951])]
WW_w:[0.09, 'cal', [0.08, 0.1], 0.099, 0.001, array([0.0822569 , 0.09932448, 0.09994903, 0.099712  , 0.08154362,
       0.09993515, 0.0945349 , 0.09999561, 0.09994598, 0.09995933,
       0.09925634, 0.09972086, 0.09964969, 0.09949429, 0.09238113,
       0.09400886, 0.09999005, 0.09525823, 0.09999528, 0.09980814,
       0.09567208, 0.09900696, 0.09747463, 0.09998753, 0.09988985,
       0.09743383, 0.09992368, 0.09990856, 0.09220463, 0.09996302,
       0.09955743, 0.09876677, 0.09790696, 0.09989198, 0.08189126,
       0.09037801, 0.09999168, 0.09986921, 0.08709491, 0.09245887,
       0.09318966, 0.09214195, 0.09738894, 0.09782909, 0.09986135,
       0.09961363, 0.09947734, 0.08745045, 0.09985237, 0.09972159])]
rho_st:[0.02, 'cal', [0.0, 0.03], 0.015, 0.008, array([0.01736823, 0.03188777, 0.01640898, 0.01151878, 0.03155549,
       0.018579  , 0.01815268, 0.00926876, 0.00629382, 0.01349909,
       0.0150065 , 0.00862105, 0.00886758, 0.01811593, 0.0121341 ,
       0.01423556, 0.00603009, 0.02448692, 0.00488242, 0.03027795,
       0.01006431, 0.02962241, 0.01444751, 0.01381919, 0.01998988,
       0.00468365, 0.01325992, 0.01611312, 0.01906647, 0.02987637,
       0.02228751, 0.01105945, 0.01786781, 0.02511023, 0.02603857,
       0.0192219 , 0.02216396, 0.0258564 , 0.02518123, 0.01916483,
       0.01573791, 0.01939335, 0.0292152 , 0.01674726, 0.03276475,
       0.01411059, 0.01377446, 0.01720079, 0.0111733 , 0.01442472])]
Kc0:[0.04, 'cal', [0.01, 0.3], 0.145, 0.018, array([0.16150047, 0.14499958, 0.15741491, 0.15893925, 0.1671965 ,
       0.14433184, 0.17717024, 0.11843046, 0.13777077, 0.1588111 ,
       0.1344882 , 0.1362875 , 0.13603503, 0.13006855, 0.16347308,
       0.17983681, 0.11278907, 0.16400155, 0.02252072, 0.16259297,
       0.14927445, 0.14572386, 0.10240698, 0.16262738, 0.13730786,
       0.11869721, 0.13493193, 0.16092292, 0.17402432, 0.1407334 ,
       0.15135528, 0.16147354, 0.09805593, 0.14303023, 0.16543683,
       0.16470166, 0.17140994, 0.1451132 , 0.16729113, 0.15842236,
       0.16846141, 0.16725561, 0.15403531, 0.16975585, 0.15186163,
       0.14654236, 0.15199424, 0.14374409, 0.14286979, 0.13059987])]
