A:[0.3, 'cal', [0.01, 1.0], 0.333, 0.018, array([0.37697261, 0.37740189, 0.34745012, 0.38020746, 0.36160423,
       0.37911756, 0.3521726 , 0.37701403, 0.4726141 , 0.33609646,
       0.35209037, 0.34771811, 0.35671147, 0.35190592, 0.3486391 ,
       0.3372742 , 0.34913082, 0.34118966, 0.35047658, 0.35637541,
       0.34690043, 0.37751022, 0.34727549, 0.35015098, 0.30543557,
       0.34974539, 0.33249645, 0.34944331, 0.36372731, 0.34254892,
       0.62497304, 0.35879601, 0.3495592 , 0.35529909, 0.36427117,
       0.33279702, 0.33491138, 0.47350501, 0.3417297 , 0.38474488,
       0.41365859, 0.32171866, 0.34201166, 0.33939417, 0.42046789,
       0.34922685, 0.34166846, 0.41282592, 0.30010162, 0.39168052,
       0.3256007 , 0.35398965, 0.33685723, 0.34914975, 0.33940579,
       0.29957823, 0.33526926, 0.32822292, 0.32364377, 0.35125683])]
B:[1.5, 'cal', [0.1, 3.0], 0.575, 0.123, array([0.56555752, 0.53907431, 0.69945978, 0.52274024, 0.60431053,
       0.53454985, 0.68690457, 0.53783674, 0.3474986 , 0.78955617,
       0.67775603, 0.71386268, 0.65564776, 0.68865267, 0.67092504,
       0.83704221, 0.67401494, 0.75899347, 0.68156423, 0.63279926,
       0.72878957, 0.57551885, 0.7099567 , 0.65824778, 2.06485844,
       0.94841533, 0.91429156, 0.71676811, 0.60713865, 0.71312209,
       0.20733007, 0.65360529, 0.71048369, 0.66946449, 0.6320279 ,
       0.87347439, 0.79162257, 0.3374341 , 0.76352678, 0.61156758,
       0.4681503 , 1.03506309, 0.7899303 , 0.78348918, 0.44991657,
       0.70556323, 0.76280175, 0.4717517 , 1.31860133, 0.55321707,
       1.00111236, 0.66185669, 0.76346639, 0.74129807, 0.80467208,
       1.19064554, 0.76136474, 0.97128535, 1.0165558 , 0.68229969])]
C:[-15, 'cal', [-30.0, -5.0], -14.441, 0.356, array([-13.54867119, -13.71790727, -14.31786657, -13.96561472,
       -14.12418643, -13.77511256, -14.07342531, -13.89109652,
       -14.56080912, -14.38390526, -14.11417479, -14.20525814,
       -13.90650542, -14.18029787, -14.16823324, -14.15759528,
       -14.52954947, -14.36476974, -14.23340197, -13.85051892,
       -14.5315263 , -14.28384249, -14.56779682, -14.59833775,
       -14.6810932 , -14.6102236 , -14.26284628, -14.45237216,
       -14.67003858, -14.56748884, -14.1581728 , -14.43099544,
       -14.67264707, -13.89239419, -14.67200052, -14.48511534,
       -13.99195705, -14.16315288, -13.89211865, -14.61158287,
       -14.56462522, -15.36612413, -15.02197557, -14.24551401,
       -14.57130395, -14.52532705, -14.20380265, -14.27662375,
       -15.06411623, -14.33142143, -14.0398213 , -14.36298865,
       -14.38137308, -14.4888804 , -14.72562159, -15.6301474 ,
       -14.99172116, -14.68768357, -14.84341192, -14.07543242])]
D:[30, 'cal', [10.0, 100.0], 28.232, 1.458, array([26.11189977, 26.147491  , 29.25704969, 27.16811236, 27.80943531,
       25.59938833, 28.24131623, 25.71854628, 28.12298684, 30.03408055,
       28.2570349 , 29.13750981, 28.45009851, 28.55571012, 28.08473879,
       30.14971498, 29.67241587, 29.55736531, 29.3772502 , 27.43364619,
       30.53284187, 28.38268092, 29.84320156, 29.84188916, 37.02960955,
       31.64007094, 30.14501496, 28.66347461, 29.86232154, 29.73496626,
       25.92239352, 29.27391781, 30.1452203 , 27.05434122, 30.05727857,
       31.00878519, 28.81586392, 25.38908835, 27.16308982, 28.51946577,
       27.84789676, 35.33094702, 32.33424194, 28.28556221, 28.38941275,
       29.90381692, 28.35878321, 26.7615915 , 35.25706602, 28.09066321,
       29.4303575 , 28.07768281, 28.56591259, 29.43594934, 30.58809393,
       35.4373633 , 30.68756972, 31.92361321, 33.05670401, 28.10285692])]
W_max:[100, 'cal', [1.0, 100.0], 7.968, 3.647, array([ 8.15038119,  8.08067146, 11.55834715, 10.74026057, 11.34109355,
       10.11073702, 11.47932412, 10.2513089 , 12.35841979, 11.75666067,
       10.9834596 , 12.13260051,  8.12226041, 11.62453803, 11.04679508,
       12.1317248 , 12.18449054, 11.52181611, 11.56603912, 11.21434957,
       12.29241176,  6.25813104, 11.49775342, 12.60190546,  9.78636079,
        6.51178213,  6.62406904, 10.8216095 , 12.11643168, 11.52752308,
        5.97420731, 11.46635805, 11.82115371,  6.00237974,  6.75693495,
        6.65699841,  6.09740121,  5.89947547,  6.09007951,  8.84085877,
        6.08021714,  7.18847733,  6.65429465,  5.82948727,  6.25934558,
       11.96627521,  5.68929194,  5.66308407,  6.89969583,  5.99696826,
        5.93174759, 11.13539135,  5.9461691 ,  6.12359588,  6.15562599,
        7.69284396,  6.38303094,  6.49566497,  6.43824487, 10.79010938])]
WW_fc:[0.32, 'cal', [0.31, 0.33], 0.315, 0.005, array([0.32685943, 0.32167177, 0.31318261, 0.31472572, 0.3172278 ,
       0.32997932, 0.31735706, 0.32999934, 0.31390169, 0.31578557,
       0.31765972, 0.31687257, 0.31390126, 0.31884945, 0.32359796,
       0.3121075 , 0.31382018, 0.31633369, 0.31306942, 0.31687807,
       0.31295766, 0.31889691, 0.31783249, 0.31465674, 0.31105421,
       0.31607206, 0.31595159, 0.32672552, 0.31456759, 0.31885468,
       0.31295062, 0.31690398, 0.31728676, 0.32337257, 0.31381192,
       0.31558131, 0.31842667, 0.32735843, 0.32715364, 0.32254281,
       0.32330877, 0.31010281, 0.31220011, 0.32722628, 0.31517491,
       0.31658849, 0.32746084, 0.32671544, 0.31163971, 0.31899736,
       0.32717725, 0.32814112, 0.32759284, 0.32043286, 0.32098885,
       0.31405622, 0.32268052, 0.31729428, 0.31500593, 0.31779592])]
WW_w:[0.09, 'cal', [0.08, 0.1], 0.099, 0.002, array([0.09189975, 0.08741709, 0.09542099, 0.08794007, 0.09232218,
       0.08871377, 0.09255025, 0.08910358, 0.09800201, 0.09946869,
       0.09373164, 0.09798958, 0.09490165, 0.09619361, 0.09817549,
       0.09629334, 0.09998608, 0.09890109, 0.09708212, 0.08660688,
       0.09838613, 0.09553004, 0.09995541, 0.09765014, 0.09995404,
       0.0982516 , 0.0949555 , 0.09999631, 0.09951477, 0.0994666 ,
       0.08610143, 0.0964276 , 0.0998388 , 0.0838885 , 0.09870586,
       0.09991898, 0.09312208, 0.08760754, 0.08517157, 0.09687311,
       0.09438927, 0.09967122, 0.09527554, 0.0812402 , 0.08583652,
       0.09903069, 0.08667054, 0.08180201, 0.09885929, 0.08283846,
       0.08448583, 0.09854437, 0.08855837, 0.08705004, 0.09440059,
       0.099776  , 0.09749797, 0.09851895, 0.09957044, 0.0871338 ])]
rho_st:[0.02, 'cal', [0.01, 0.5], 0.269, 0.072, array([0.3004927 , 0.30025948, 0.30003751, 0.30018628, 0.30000632,
       0.31030245, 0.30086321, 0.30001586, 0.30028742, 0.30473077,
       0.30002701, 0.30010301, 0.30095516, 0.30156522, 0.30033437,
       0.30014755, 0.30075327, 0.30001297, 0.30003029, 0.30002113,
       0.20592241, 0.20234136, 0.22096709, 0.21530284, 0.20068664,
       0.20212101, 0.2083383 , 0.22101213, 0.21842882, 0.20403074,
       0.22629396, 0.21038745, 0.2024133 , 0.20122789, 0.20629903,
       0.20839993, 0.20437252, 0.20312495, 0.20012185, 0.20973149,
       0.07432709, 0.02942327, 0.02104987, 0.01882916, 0.03562085,
       0.20869485, 0.01265733, 0.01738417, 0.0136454 , 0.04286109,
       0.01000108, 0.22125311, 0.03292532, 0.01027086, 0.01016317,
       0.01284332, 0.01109438, 0.07042531, 0.01130846, 0.22154018])]
Kc0:[0.04, 'cal', [0.3, 0.6], 0.344, 0.096, array([0.40053312, 0.40031294, 0.42523344, 0.45975938, 0.4476949 ,
       0.46359384, 0.45353357, 0.45057914, 0.45632602, 0.44370284,
       0.43027589, 0.47476244, 0.40005854, 0.46123442, 0.47112418,
       0.46872087, 0.4282598 , 0.42791922, 0.47662685, 0.48053919,
       0.46041493, 0.30023863, 0.43551088, 0.45993481, 0.35395584,
       0.30263421, 0.30010417, 0.42304603, 0.44881208, 0.44043345,
       0.30024968, 0.44232511, 0.42339223, 0.30122329, 0.30236397,
       0.30009293, 0.30028693, 0.30001206, 0.30006871, 0.37900441,
       0.30059468, 0.30087873, 0.30154233, 0.30004094, 0.30001621,
       0.45718624, 0.300188  , 0.30055875, 0.30071012, 0.30010945,
       0.30440614, 0.45623855, 0.30010071, 0.30115993, 0.30143187,
       0.30014855, 0.3034456 , 0.30000205, 0.30010611, 0.43158091])]
