# Soil moisture calibrated on normalized, observed SM in Budrio
# PAR = [W_0, W_max, S_fc, S_w, rho_st, Kc]
# [ 0.33860677 37.87714981  0.70439582  0.32615656  0.68821702  0.48270804]
# RMSE = 0.16308987853806098
# R (WW vs WWobs) = 0.7319213110062525
# R_IRR (IRR vs IRRobs)= 0.7523483169251567
# #----------------------------------------------
3.386067697040000546e-01
2.771609826255234110e-01
2.203530257499690392e-01
1.549823282168381333e-01
8.764930289681303888e-02
8.764930289681303888e-02
8.764930289681303888e-02
8.764930289681303888e-02
8.764930289681303888e-02
8.764930289681303888e-02
8.764930289681303888e-02
8.764930289681303888e-02
8.764930289681303888e-02
1.272510154783096092e-01
3.054587220950441551e-01
6.983980682689159281e-01
6.353740588685210522e-01
5.718063885810700242e-01
5.076950574065627331e-01
4.430400653449995119e-01
3.778414123963800275e-01
3.133374372478878178e-01
2.495281398995229660e-01
1.864135203512853611e-01
4.342069938248981353e-01
3.724817298769151352e-01
3.114511437290594653e-01
2.511152353813310145e-01
2.112748611244782138e-01
1.492791685777297983e-01
9.152917202165060384e-02
3.489403038013783043e-01
3.128823975275693003e-01
7.043958176676684557e-01
7.043958176676684557e-01
6.282729708047375405e-01
7.043958176676684557e-01
6.246082937142108937e-01
5.435106821098070196e-01
6.987132583434361166e-01
6.149954714371393960e-01
5.299675968798963632e-01
7.043958176676684557e-01
6.167477678085327986e-01
5.277896302984507182e-01
4.370696288025384679e-01
3.445877633207962143e-01
3.084266730798517764e-01
2.124212070668822783e-01
1.146538770680826935e-01
7.043958176676684557e-01
6.031047596972086700e-01
5.000518377409187698e-01
3.980398492411395539e-01
2.970686667574380935e-01
1.971384177302473173e-01
9.824897471913422720e-02
7.043958176676684557e-01
6.075881141291437082e-01
5.118212166066967717e-01
4.170951251003275351e-01
3.225457934744896393e-01
2.413736651492490448e-01
1.471777258440409852e-01
7.043958176676684557e-01
6.105532706830901768e-01
5.168873561386102544e-01
4.233980740342288551e-01
3.300855518103787967e-01
2.354384733724518286e-01
1.394569661608809907e-01
7.043958176676684557e-01
7.043958176676684557e-01
7.043958176676684557e-01
6.030763404806560590e-01
5.004223070795666972e-01
3.964338449048335766e-01
2.938909395612953612e-01
1.927937184893851186e-01
9.314205424866987826e-02
7.043958176676684557e-01
6.076355219702090915e-01
5.123207831039447990e-01
5.174560099630498566e-01
4.250325121996085254e-01
3.641906277236796052e-01
7.043958176676684557e-01
6.143131637432721615e-01
5.162104105248918051e-01
4.166878434427765954e-01
3.157454624969266987e-01
2.133832676873420042e-01
1.096012590140225257e-01
7.043958176676684557e-01
6.003525561067575289e-01
4.961786681020508571e-01
3.918741536535484959e-01
2.874390127612503898e-01
1.828732454251566497e-01
7.043958176676684557e-01
5.995687974439831702e-01
4.955525532548621936e-01
3.923472125407385103e-01
2.899527753016120091e-01
1.883692415374828288e-01
8.759648380791786038e-02
7.043958176676684557e-01
6.052448668880979765e-01
5.069046921430918617e-01
4.085250108638645017e-01
3.101056956099830231e-01
2.116467463814474537e-01
1.131481631782577518e-01
7.043958176676684557e-01
6.058180939556034872e-01
5.072007362688844001e-01
4.085437446075112500e-01
3.107866098433493818e-01
2.139292045359658390e-01
1.179716561257935781e-01
7.043958176676684557e-01
6.102377281710529289e-01
5.169794955716485729e-01
4.246209924290226811e-01
3.331623461836080713e-01
7.043958176676684557e-01
6.134600595187356120e-01
5.227856816978272425e-01
4.323728116453762205e-01
6.854362917343528316e-01
5.955463097783836313e-01
5.059178355908718894e-01
4.165507417313845107e-01
3.273124901496312078e-01
2.382029534051790798e-01
1.492222589384610554e-01
7.043958176676684557e-01
6.156725528755526700e-01
5.270781303611711266e-01
4.386124226840906748e-01
3.502755572847443544e-01
2.630091915223581323e-01
1.768133253969318974e-01
9.168808634889873133e-02
9.168808634889873133e-02
9.168808634889873133e-02
9.168808634889873133e-02
9.168808634889873133e-02
9.168808634889873133e-02
9.168808634889873133e-02
9.168808634889873133e-02
3.292983618378781396e-01
3.886901504951454367e-01
3.789185441460010684e-01
3.197843990811933268e-01
2.640899987427175466e-01
2.118353431305737833e-01
2.384634725520670684e-01
2.581705489735218184e-01
4.029624084403595208e-01
7.043958176676684557e-01
6.703385628186263601e-01
6.227600969797293384e-01
5.682607055812267660e-01
5.134405466129350337e-01
4.725037843450032304e-01
4.586509896379300510e-01
4.058791807487882042e-01
5.715996168977384162e-01
7.043958176676684557e-01
6.734732151484248419e-01
6.234325821782938926e-01
5.740747750480238443e-01
5.255705639377965532e-01
7.043958176676684557e-01
6.575989260379594414e-01
6.182559158585425596e-01
5.731662162689189488e-01
5.289302401397708575e-01
4.855478600306655790e-01
4.430190759416029467e-01
4.198574683498867421e-01
3.764611972335875634e-01
3.326312463238865202e-01
2.883676156207836683e-01
2.436701776838461064e-01
7.001607526524632474e-01
6.545958276882890559e-01
6.085972229307131665e-01
5.631276234104016787e-01
5.181870291273545925e-01
4.803757255118212832e-01
4.364931417033031114e-01
3.931395631320492856e-01
3.569154026687423320e-01
3.146199620124503493e-01
2.728535265934228238e-01
2.320816363133043625e-01
2.055047345921608704e-01
1.667218071494276088e-01
1.289334248456034393e-01
9.213958768068833405e-02
1.053401585411871955e-01
1.251410148319354598e-01
9.133068564331464634e-02
9.133068564331464634e-02
9.133068564331464634e-02
9.133068564331464634e-02
9.133068564331464634e-02
9.133068564331464634e-02
9.133068564331464634e-02
9.133068564331464634e-02
9.133068564331464634e-02
9.133068564331464634e-02
