A:[0.3, 'cal', [0.01, 1.0], 0.317, 0.024, array([0.34712175, 0.33007277, 0.35230487, 0.3603785 , 0.34262025,
       0.36987186, 0.34540501, 0.3393944 , 0.34964186, 0.35138056,
       0.34748755, 0.3465718 , 0.44487937, 0.41801969, 0.32413135,
       0.34994871, 0.3480327 , 0.38348717, 0.34624673, 0.330766  ,
       0.40847894, 0.37962679, 0.32146715, 0.31977022, 0.33881535,
       0.42824555, 0.43352028, 0.33301309, 0.34649803, 0.37253616,
       0.3490559 , 0.37397247, 0.38225614, 0.38302649, 0.3501459 ,
       0.4410473 , 0.34818361, 0.35124666, 0.32248142, 0.34363938,
       0.3757209 , 0.35017408, 0.32657908, 0.34697197, 0.35529374,
       0.3365763 , 0.32905368, 0.36122767, 0.4557563 , 0.35137738,
       0.33995503, 0.34591895, 0.39276746, 0.3394406 , 0.34317816,
       0.34764106, 0.34422837, 0.34229995, 0.35077724, 0.40517443,
       0.34625736, 0.39766064, 0.34780737, 0.40034804, 0.34453874,
       0.34235517, 0.33975471, 0.45659842, 0.33851526, 0.34069495,
       0.37086802, 0.34154799, 0.31659911, 0.34917245, 0.44736387,
       0.34408359, 0.35110092, 0.69614891, 0.34857263, 0.41329274,
       0.51949643, 0.3446738 , 0.36015462, 0.38405159, 0.33600628,
       0.42121754, 0.37915797, 0.34201529, 0.38551181, 0.32809029,
       0.3537574 , 0.35254495, 0.32883883, 0.33262679, 0.35138903,
       0.39582892, 0.32652556, 0.35717068, 0.34433913, 0.36441708])]
B:[1.5, 'cal', [0.1, 3.0], 0.611, 0.149, array([0.74352228, 1.14120601, 0.64560736, 0.63269671, 0.71640918,
       0.62215935, 0.75297061, 0.75093083, 0.64207263, 0.71231353,
       0.66698995, 0.69131186, 0.40920917, 0.44264826, 0.93334634,
       0.727556  , 0.66975201, 0.54121678, 0.74561379, 0.78647059,
       0.50882126, 0.59877121, 1.42865824, 1.03673491, 0.77751626,
       0.43339954, 0.45989403, 0.88497737, 0.66758938, 0.54955336,
       0.67588056, 0.59727829, 0.56143255, 0.53063412, 0.74887574,
       0.38251517, 0.66418485, 0.65862952, 1.02894997, 0.77381013,
       0.5870344 , 0.71444052, 0.86029569, 0.6871274 , 0.6312712 ,
       0.85332155, 0.93762139, 0.68586105, 0.40611816, 0.67999522,
       0.79618135, 0.75651173, 0.52917823, 0.73166745, 0.81765723,
       0.67993618, 0.66670693, 0.71391035, 0.65657034, 0.43747738,
       0.68475639, 0.51164305, 0.75742274, 0.49802933, 0.78535031,
       0.72359678, 0.78927613, 0.3860808 , 0.86625674, 0.70553298,
       0.54051029, 0.75314014, 1.33439873, 0.64002204, 0.38422548,
       0.694506  , 0.64181547, 0.18902146, 0.69008244, 0.48228256,
       0.29519292, 0.77273969, 0.64199695, 0.51448793, 0.75282887,
       0.44536982, 0.51478867, 0.79456356, 0.50191944, 0.90709899,
       0.67495934, 0.63294869, 0.89955946, 0.94121267, 0.77298489,
       0.51578371, 0.84770514, 0.60830754, 0.75527761, 0.75066002])]
C:[-15, 'cal', [-30.0, -5.0], -14.325, 0.734, array([-15.33222852, -12.58005369, -14.14274374, -15.3305378 ,
       -14.32902564, -14.72889786, -14.89110557, -13.9392402 ,
       -12.84514623, -13.99545331, -13.81081636, -14.97392929,
       -13.29432913, -14.37182235, -13.19937291, -12.95228584,
       -15.67412729, -13.21154115, -14.50039572, -13.856517  ,
       -14.86166563, -14.12884775, -12.7543698 , -13.62159383,
       -14.44339377, -13.55027817, -14.5156026 , -14.22453402,
       -13.24721755, -13.7407553 , -13.49957075, -14.39409642,
       -14.49023835, -15.16856509, -13.9290645 , -14.67202867,
       -14.09650089, -14.71756963, -13.95301314, -13.8964339 ,
       -13.90343058, -14.74967469, -15.36205967, -13.79331245,
       -14.79824412, -14.65209725, -13.18673875, -14.34329627,
       -13.78173432, -14.78896077, -14.50466181, -14.19208705,
       -15.34652818, -14.30991088, -14.92614884, -14.38172614,
       -13.98887194, -15.18301925, -14.69506565, -14.34427799,
       -13.89450323, -13.45689619, -13.83421566, -14.72530792,
       -13.67491475, -14.74303475, -15.01199267, -13.92128441,
       -13.44731055, -14.21639041, -13.43647292, -14.12831455,
       -13.53079567, -13.21069521, -13.75463077, -14.59674157,
       -13.70960635, -13.20416851, -14.100062  , -13.9517685 ,
       -13.72667134, -13.54832062, -15.60478129, -13.20102857,
       -14.9531223 , -15.12168563, -15.08986897, -13.58274516,
       -14.50268854, -14.36757812, -14.9065804 , -14.00210372,
       -13.99257356, -14.50398026, -13.88377625, -13.62108499,
       -13.74949543, -14.97543874, -15.18950219, -13.78454866])]
D:[30, 'cal', [10.0, 100.0], 27.201, 3.119, array([33.48942244, 24.41216996, 29.39710055, 32.48178876, 28.39482356,
       27.78370308, 29.10653715, 27.15280059, 24.98734735, 25.88700101,
       29.85999029, 32.46151919, 23.5011156 , 26.41860421, 26.3713579 ,
       25.30727178, 35.33900547, 22.86067853, 27.82798068, 26.22035929,
       28.96441482, 25.5257662 , 27.29278775, 26.62831081, 29.07742689,
       22.8355972 , 27.34126549, 30.41907391, 27.02417639, 26.14999495,
       26.50048632, 27.30157243, 30.1415862 , 30.32930349, 26.70177446,
       27.03009253, 28.942847  , 30.47600429, 31.2823804 , 27.11229631,
       26.836961  , 31.58981589, 32.20380415, 26.72053109, 32.90959796,
       31.63052892, 26.65467163, 28.45953192, 24.56790673, 31.33317856,
       30.35994014, 28.01930858, 32.16729023, 31.18622942, 30.1169525 ,
       28.27039996, 27.38395725, 32.17227226, 29.42342559, 29.47882269,
       30.04025201, 23.15839956, 25.42779822, 27.30546693, 28.05640164,
       29.70835614, 33.77746448, 23.46773687, 25.87141934, 29.35342338,
       24.36780129, 28.01295106, 28.86890227, 23.99319157, 26.09693903,
       29.71506938, 27.50257074, 21.01965049, 28.04719492, 25.54054401,
       23.12832267, 26.17758396, 34.70359538, 23.18146927, 31.47399764,
       28.42775111, 32.59742085, 25.5598779 , 26.51718378, 30.59275585,
       31.0173829 , 28.65179895, 26.35282787, 28.74096577, 26.28062025,
       24.67613473, 27.36702241, 32.30770265, 31.36411412, 27.18644469])]
W_max:[100, 'cal', [1.0, 30.0], 3.781, 1.205, array([ 5.61471246,  3.81281662, 12.09656036,  6.71678428, 11.88139328,
        6.76770267,  4.8563748 , 11.69325001, 10.97150196,  4.43160317,
       13.32754677, 13.95072349,  4.12475749,  4.78885742,  4.072062  ,
        4.27392785, 15.35145375,  3.75599673,  4.79669672, 11.66133167,
        5.78021466,  4.39836773,  4.17108468,  4.43372455, 11.64288912,
        4.10050906,  4.66434244,  5.00616359, 11.90849936, 11.43071397,
       10.8216799 ,  4.99678918, 12.6269489 ,  5.34049917,  4.73383663,
       11.81990913, 13.09254758, 12.32317767,  5.20471969,  4.85082412,
        4.35417128,  5.90667796,  5.71743377, 11.00208742, 15.30311594,
        5.474634  ,  4.16582573,  4.99616725,  4.11209338, 13.30816884,
        5.18885064,  4.88696307,  6.14754545, 12.79352279,  5.61552178,
       11.95905186, 12.45851654, 13.11155389, 12.15969646, 12.90188769,
       13.07056808,  3.66865261,  4.37394419,  4.79843104,  4.92180331,
       12.49850785,  6.81436185,  4.28959528,  4.49683341, 11.92803412,
        4.4367025 ,  4.91767482,  4.68685049,  4.36470639,  4.19533493,
       12.34494816, 12.4782225 ,  3.58076847, 11.2328105 ,  4.38063555,
        4.05205059,  4.1529147 ,  6.93708513, 10.5807688 ,  5.91766323,
        5.56530003, 14.87678491,  4.4212566 , 11.20562042,  5.07038756,
        6.02711605, 12.379289  ,  4.48013249,  5.07833232,  4.41390494,
        4.10612976,  4.65384742, 13.78138169,  5.95480799,  4.46496537])]
WW_fc:[0.32, 'cal', [0.29, 0.35], 0.319, 0.017, array([0.304253  , 0.34443836, 0.30489943, 0.30515069, 0.32543631,
       0.34089521, 0.33596979, 0.3301829 , 0.30987686, 0.33818983,
       0.2927625 , 0.30218578, 0.31865859, 0.32523487, 0.32230354,
       0.31002254, 0.29840121, 0.33747038, 0.33368429, 0.34445359,
       0.31916224, 0.34140678, 0.32227117, 0.33708077, 0.32716465,
       0.33974147, 0.32624153, 0.30514588, 0.29993675, 0.32185754,
       0.31487688, 0.32565978, 0.3043    , 0.31673637, 0.32953804,
       0.33102207, 0.31015306, 0.31281903, 0.29648257, 0.32293272,
       0.31642101, 0.30046103, 0.32077195, 0.32309907, 0.2919681 ,
       0.3070596 , 0.317103  , 0.32186614, 0.32825433, 0.30814016,
       0.30974598, 0.32204923, 0.30331063, 0.2951828 , 0.32723334,
       0.32691672, 0.32530867, 0.31338049, 0.3227443 , 0.29383736,
       0.29239431, 0.34567089, 0.34108721, 0.33163716, 0.30469995,
       0.32653029, 0.29154699, 0.34267242, 0.32669682, 0.3093037 ,
       0.32549338, 0.31746498, 0.32470069, 0.33396358, 0.30384284,
       0.31814507, 0.31207817, 0.33597046, 0.31982227, 0.32610064,
       0.33254286, 0.32302645, 0.29512756, 0.3352944 , 0.30764125,
       0.32738061, 0.29593534, 0.33145723, 0.33769936, 0.31176281,
       0.30624128, 0.30816979, 0.34342964, 0.33959104, 0.33507905,
       0.3281345 , 0.3185937 , 0.30276872, 0.3186641 , 0.32011566])]
WW_w:[0.09, 'cal', [0.06, 0.12], 0.088, 0.018, array([0.11240387, 0.0600121 , 0.08920135, 0.10816283, 0.09672084,
       0.11296177, 0.11392448, 0.09361881, 0.06293574, 0.08651479,
       0.08307085, 0.10279886, 0.06000054, 0.09024205, 0.06623331,
       0.06059477, 0.11705932, 0.06151185, 0.09853151, 0.09884628,
       0.09839191, 0.09072704, 0.06171858, 0.07950908, 0.10106492,
       0.06571984, 0.09725405, 0.08549332, 0.06762129, 0.08798918,
       0.07404459, 0.09091879, 0.09734496, 0.11197278, 0.08536094,
       0.10676664, 0.09142497, 0.10274309, 0.07842561, 0.0784639 ,
       0.08049062, 0.09547712, 0.11640377, 0.08169427, 0.09915615,
       0.09612364, 0.0638053 , 0.09631156, 0.07788086, 0.10247491,
       0.09280493, 0.08756821, 0.10908979, 0.08713901, 0.10517172,
       0.09867331, 0.09588421, 0.11413467, 0.10706411, 0.08989139,
       0.08003911, 0.08030817, 0.08028062, 0.10484375, 0.06599515,
       0.10731701, 0.09511626, 0.07926476, 0.06659923, 0.09180547,
       0.06219611, 0.0828352 , 0.07777001, 0.08514056, 0.07239032,
       0.09979143, 0.08468458, 0.06076171, 0.09070834, 0.08201003,
       0.07348239, 0.07564567, 0.11287253, 0.07222774, 0.09673647,
       0.10914492, 0.10693011, 0.0713523 , 0.1053557 , 0.09163504,
       0.09614584, 0.09133099, 0.0915398 , 0.10916459, 0.08365365,
       0.07530002, 0.07342151, 0.1103042 , 0.110711  , 0.08385405])]
rho_st:[0.4, 'cal', [0.28, 0.52], 0.28, 0.008, array([0.28501763, 0.28235892, 0.32903702, 0.28015927, 0.29823967,
       0.28435429, 0.28014735, 0.34747749, 0.46713938, 0.28230749,
       0.40331146, 0.29001656, 0.28014873, 0.28007731, 0.28109326,
       0.33956993, 0.28952941, 0.2800015 , 0.2800476 , 0.36900782,
       0.28009782, 0.28005502, 0.28168611, 0.28100009, 0.28128145,
       0.28001383, 0.28004084, 0.28142184, 0.40805941, 0.39646142,
       0.34360539, 0.28050431, 0.32518861, 0.28439942, 0.30018283,
       0.29932411, 0.36233033, 0.29325253, 0.28037707, 0.28053654,
       0.28367246, 0.29772745, 0.28185206, 0.31503614, 0.32406672,
       0.28547787, 0.28250902, 0.28038181, 0.28095781, 0.29559322,
       0.28273862, 0.2836427 , 0.28059463, 0.31709901, 0.28026021,
       0.29825575, 0.38599816, 0.29781871, 0.32219499, 0.35014529,
       0.36193494, 0.2982084 , 0.28298347, 0.28007967, 0.2822424 ,
       0.28009548, 0.28361853, 0.28284327, 0.28477539, 0.33467535,
       0.28016437, 0.28817027, 0.2820438 , 0.40252757, 0.28063596,
       0.28382788, 0.39687083, 0.3060228 , 0.29724131, 0.28017395,
       0.28026765, 0.28005384, 0.28015397, 0.38606419, 0.28406209,
       0.28130837, 0.32367982, 0.28016691, 0.32037644, 0.29007857,
       0.28028067, 0.37967158, 0.30331835, 0.28001034, 0.28017266,
       0.28108365, 0.28038578, 0.34308417, 0.28018777, 0.28019386])]
Kc0:[1, 'cal', [0.2, 0.6], 0.2, 0.006, array([0.20063531, 0.20028566, 0.46449064, 0.2222732 , 0.45385384,
       0.30185878, 0.20448383, 0.45906252, 0.50237033, 0.20087119,
       0.50352959, 0.44204737, 0.2082892 , 0.20498983, 0.20004406,
       0.20057907, 0.47250732, 0.20016707, 0.20046433, 0.49311719,
       0.20292483, 0.20026726, 0.20087247, 0.20098342, 0.4343415 ,
       0.20133956, 0.20224074, 0.20132333, 0.47748783, 0.48034536,
       0.4481079 , 0.20137027, 0.4386362 , 0.2000322 , 0.20176625,
       0.45875196, 0.49180129, 0.44797068, 0.20274406, 0.20650731,
       0.20092605, 0.20076731, 0.2005884 , 0.44251823, 0.49586512,
       0.20001604, 0.20049735, 0.20278211, 0.20017781, 0.44451881,
       0.20003432, 0.20003261, 0.20360794, 0.42556449, 0.20475285,
       0.46192705, 0.51166714, 0.43610268, 0.44392393, 0.45423933,
       0.46723955, 0.2001002 , 0.20188521, 0.20009287, 0.20093379,
       0.45701911, 0.21738568, 0.20000501, 0.20002732, 0.43160386,
       0.21555353, 0.20005646, 0.20259288, 0.20312726, 0.20147962,
       0.45045759, 0.50409426, 0.20295271, 0.42862426, 0.20562663,
       0.20027195, 0.20174924, 0.22215558, 0.45766128, 0.20027957,
       0.20051058, 0.48953373, 0.20088558, 0.42911962, 0.20002498,
       0.20452219, 0.48124364, 0.20067471, 0.20319089, 0.20018457,
       0.20003959, 0.20004799, 0.48579537, 0.20657828, 0.20013239])]
