A:[0.3, 'cal', [0.0, 1.0], 0.161, 0.051, array([0.17657733, 0.70907999, 0.1976648 , 0.37508388, 0.188633  ,
       0.42842242, 0.23568287, 0.65952271, 0.18111738, 0.74094765,
       0.34004075, 0.27557727, 0.19197937, 0.68324465, 0.23192939,
       0.21142836, 0.30656857, 0.21355168, 0.18114162, 0.50682742,
       0.24596444, 0.2175805 , 0.19904176, 0.20001322, 0.87377649,
       0.1953471 , 0.20299811, 0.20576418, 0.20152618, 0.18404572,
       0.2737863 , 0.37018366, 0.18737791, 0.16071635, 0.18154767,
       0.49123059, 0.22583031, 0.26960158, 0.17655364, 0.1833406 ,
       0.22476865, 0.17906202, 0.25165314, 0.18560826, 0.28641403,
       0.27438736, 0.22127721, 0.2177539 , 0.28925441, 0.26211741])]
B:[1.5, 'cal', [0.0, 3.0], 0.222, 0.385, array([1.3922226 , 0.09074849, 0.98115959, 0.2232085 , 1.01007391,
       0.16092183, 0.47921708, 0.11193653, 1.40669015, 0.08825657,
       0.22569794, 0.34153154, 0.96285449, 0.08848313, 0.4288177 ,
       0.57102494, 0.28764564, 0.75908915, 1.12930287, 0.13388862,
       0.43593577, 0.56305986, 0.6912534 , 0.7147281 , 0.07147092,
       0.79894988, 0.68343776, 0.62639629, 1.02525519, 2.18100126,
       0.41547706, 0.23664601, 1.40595531, 0.99404736, 1.20456264,
       0.1474993 , 0.70255783, 0.36522942, 1.72265189, 1.44031007,
       0.57913362, 1.18982204, 0.38144706, 2.07620269, 0.2650785 ,
       0.31199395, 0.65713558, 0.6197324 , 0.34028   , 0.31808874])]
C:[-15, 'cal', [-30.0, -5.0], -19.762, 1.314, array([-23.36761918, -19.1466228 , -20.6704201 , -18.39078189,
       -19.40345066, -21.0807833 , -19.31871896, -18.0431095 ,
       -19.74934981, -17.67940315, -21.33001218, -20.65233891,
       -19.11751129, -22.48749215, -19.49773001, -19.58152402,
       -19.35440633, -21.86057442, -23.60408505, -19.52331211,
       -19.86778956, -19.62735385, -20.70285222, -19.0285332 ,
       -18.25425834, -20.21899086, -19.34522859, -21.92737005,
       -17.55845593, -21.10134405, -17.62444394, -20.93862407,
       -18.36429556, -22.65901085, -18.37975583, -18.00735414,
       -16.96348386, -18.48202869, -20.05169924, -20.92705206,
       -18.65525362, -20.65695207, -19.87503242, -17.18615879,
       -18.58905347, -19.00356409, -19.36658132, -19.14163376,
       -18.97615821, -20.59476898])]
D:[30, 'cal', [10.0, 100.0], 28.0, 7.759, array([41.60301823, 24.71144714, 39.10614432, 25.53749591, 27.58189028,
       27.31020427, 35.86440476, 20.39000013, 29.81998235, 24.66929015,
       33.34312999, 34.89220312, 28.3462857 , 39.16504092, 30.23316648,
       29.8588911 , 34.71445254, 41.79595668, 51.25280643, 30.80176422,
       31.70261132, 31.00201127, 38.28182212, 30.1470891 , 25.46612876,
       33.63590309, 30.42465064, 41.630393  , 23.83581602, 52.1590609 ,
       19.81645185, 30.67439824, 37.95863455, 42.04463053, 26.56225225,
       19.12267668, 20.01915123, 25.35025437, 37.76402122, 34.20310485,
       28.11694647, 39.56421675, 29.64078258, 34.55151135, 21.98175222,
       28.83975723, 25.60765571, 27.05235748, 23.33826606, 33.18941779])]
WW_fc:[0.32, 'cal', [0.3, 0.5], 0.35, 0.049, array([0.38324894, 0.40490417, 0.34795664, 0.35880101, 0.4327127 ,
       0.41752773, 0.31909738, 0.43252794, 0.44282825, 0.3531361 ,
       0.3594591 , 0.33917576, 0.42976152, 0.31354257, 0.36084643,
       0.3804483 , 0.3177292 , 0.33748808, 0.32619899, 0.34969057,
       0.3558885 , 0.36991935, 0.33695309, 0.37261189, 0.32328478,
       0.37327629, 0.37201571, 0.329306  , 0.45963275, 0.31208781,
       0.46418902, 0.3669642 , 0.32384952, 0.35611128, 0.44309891,
       0.49136403, 0.46918168, 0.40391882, 0.37323452, 0.426346  ,
       0.37586625, 0.33856325, 0.37069064, 0.37219457, 0.45006022,
       0.35774091, 0.44347443, 0.39467341, 0.44533064, 0.35574978])]
WW_w:[0.09, 'cal', [0.1, 0.2], 0.15, 0.021, array([0.18236295, 0.1637469 , 0.17421977, 0.11153024, 0.17015269,
       0.14103234, 0.12093165, 0.14303442, 0.16324029, 0.14178135,
       0.18212205, 0.15568048, 0.16069726, 0.15460463, 0.16192555,
       0.14169985, 0.12485581, 0.17200152, 0.1780824 , 0.14934479,
       0.15986165, 0.13987711, 0.17781445, 0.14651016, 0.16378266,
       0.17239098, 0.1432634 , 0.17411093, 0.14499729, 0.16448861,
       0.15330517, 0.12510579, 0.12922361, 0.19463089, 0.16344179,
       0.17091714, 0.12425696, 0.14927659, 0.13907786, 0.19999017,
       0.13529712, 0.17680897, 0.18861346, 0.15149895, 0.15321569,
       0.13351405, 0.1621016 , 0.13047862, 0.15920355, 0.18072219])]
rho_st:[0.4, 'cal', [0.0, 0.62], 0.282, 0.08, array([0.09877497, 0.31587199, 0.29072695, 0.36403116, 0.33443585,
       0.24889405, 0.30207091, 0.41920482, 0.22993198, 0.45936615,
       0.19872932, 0.21727996, 0.31486656, 0.09519257, 0.35741683,
       0.26229948, 0.29570874, 0.22631525, 0.16322199, 0.32919562,
       0.29604828, 0.26076444, 0.30043232, 0.36676186, 0.4219061 ,
       0.30579808, 0.33530578, 0.23814305, 0.38597787, 0.31262021,
       0.47110012, 0.14705051, 0.37379227, 0.24917468, 0.39179873,
       0.52611568, 0.47607832, 0.37197559, 0.22579055, 0.28640284,
       0.30731475, 0.30852723, 0.33228402, 0.44770173, 0.37942138,
       0.33881074, 0.23137805, 0.23216851, 0.30627364, 0.29814794])]
Kc0:[0.5, 'cal', [0.0, 1.0], 0.499, 0.102, array([0.29485528, 0.60337251, 0.53691363, 0.40749397, 0.50471647,
       0.32953419, 0.57649391, 0.45155173, 0.49271243, 0.71867633,
       0.4224233 , 0.48245905, 0.58770644, 0.2584551 , 0.63873277,
       0.54555853, 0.54682134, 0.37546522, 0.40349944, 0.55266129,
       0.50977847, 0.54442285, 0.58459618, 0.6125614 , 0.44656473,
       0.54948144, 0.49655835, 0.45431772, 0.74655859, 0.46144742,
       0.5272396 , 0.27713545, 0.66995078, 0.45291748, 0.64088905,
       0.74637568, 0.61374815, 0.71467686, 0.49129321, 0.49787941,
       0.59168043, 0.52621149, 0.53806217, 0.83278795, 0.70062256,
       0.66401314, 0.48720902, 0.48037246, 0.50130502, 0.54684626])]
