A:[0.3, 'cal', [0.01, 1.0], 0.335, 0.016, array([0.35721489, 0.34427681, 0.35079593, 0.34209379, 0.34239435,
       0.44220697, 0.36259662, 0.34474368, 0.33906753, 0.34920819,
       0.33697911, 0.35107075, 0.34223592, 0.38807795, 0.33673978,
       0.3478615 , 0.38040361, 0.34361483, 0.34869476, 0.46157945,
       0.37916469, 0.36028108, 0.35610251, 0.35357812, 0.41014305,
       0.35248812, 0.33377283, 0.34474809, 0.36852309, 0.35688419,
       0.32477123, 0.34511283, 0.35870523, 0.35241706, 0.34550975,
       0.36560352, 0.34032121, 0.34902561, 0.36356726, 0.34125255,
       0.34742774, 0.34359969, 0.32554868, 0.54750591, 0.35157599,
       0.2988358 , 0.33293126, 0.34467972, 0.36620125, 0.35598085,
       0.38791125, 0.35052871, 0.33460649, 0.35409497, 0.3483003 ,
       0.39537091, 0.3425191 , 0.34320686, 0.34884168, 0.36360466,
       0.34461887, 0.40476309, 0.34942096, 0.34189669, 0.36328836,
       0.33336369, 0.36604857, 0.35064108, 0.33533192, 0.35044603,
       0.33231884, 0.37438714, 0.33901024, 0.37219025, 0.36098945,
       0.34717361, 0.33860341, 0.32910812, 0.36747381, 0.34098839,
       0.3774649 , 0.3659469 , 0.35777552, 0.34840362, 0.35042051,
       0.3583868 , 0.5256824 , 0.3562303 , 0.34035773, 0.3370388 ,
       0.34359066, 0.34574565, 0.34609697, 0.35124922, 0.34299961,
       0.34432354, 0.34709613, 0.34158041, 0.35315083, 0.34926373])]
B:[1.5, 'cal', [0.1, 3.0], 0.68, 0.113, array([0.71595584, 0.71428629, 0.63526386, 0.70879157, 0.84942749,
       0.4060552 , 0.61910765, 0.82747139, 0.74222658, 0.79172147,
       0.75309109, 0.77395172, 0.86171638, 0.5670671 , 0.84966024,
       0.68012636, 0.51916564, 0.71299799, 0.67415429, 0.33846386,
       0.62031848, 0.60084841, 0.62221586, 0.65077892, 0.49944469,
       0.77635462, 0.88785084, 0.8206813 , 0.5426749 , 0.6246517 ,
       1.0467737 , 0.69869112, 0.70662929, 0.65427479, 0.68977102,
       0.67245568, 0.74132002, 0.66089554, 0.58348788, 0.83461755,
       0.80566596, 0.82273093, 0.92459562, 0.27898225, 0.64093538,
       0.992328  , 0.9073055 , 0.80054294, 0.68966895, 0.71657338,
       0.47993194, 0.65280366, 0.77274645, 0.63869333, 0.6683713 ,
       0.47033419, 0.8390276 , 0.75716594, 0.6482678 , 0.5724576 ,
       0.81759172, 0.52548259, 0.68332866, 0.72223563, 0.70744826,
       0.93143117, 0.67751214, 0.75814912, 0.76632391, 0.7558241 ,
       1.03746439, 0.53552347, 0.84042166, 0.66254686, 0.65554207,
       0.67852731, 0.74158983, 1.06053165, 0.73070014, 0.83155647,
       0.50816692, 0.67262493, 0.6325748 , 0.76964582, 0.74872966,
       0.80442982, 0.31315013, 0.7263645 , 0.82662588, 0.87381023,
       0.70555209, 0.81641734, 0.69189067, 0.66577028, 0.69212236,
       0.69905971, 0.8123799 , 0.85506587, 0.6459761 , 0.77337313])]
C:[-15, 'cal', [-30.0, -5.0], -14.566, 0.688, array([-14.51129753, -15.07143394, -14.36113927, -14.68633791,
       -13.27933628, -14.21310409, -13.28364869, -14.74064845,
       -14.70917279, -14.86591458, -15.41048232, -14.47737669,
       -14.86591991, -14.31911429, -15.54887474, -14.02526552,
       -14.19288515, -14.10785619, -13.63980889, -14.89786582,
       -14.61243995, -13.35039851, -14.13180995, -13.85930225,
       -14.86377604, -14.6859382 , -14.67841005, -14.13507877,
       -14.11415602, -13.77016645, -14.43790722, -14.63320082,
       -14.78615022, -13.33452338, -15.5125792 , -14.1455929 ,
       -15.32392109, -14.53384316, -15.43819301, -14.69482944,
       -13.38623823, -14.72277708, -15.45375584, -14.28032466,
       -14.93877484, -16.43347817, -14.57901826, -14.80442073,
       -14.60008154, -13.95597953, -13.73436979, -15.19001291,
       -14.44908705, -14.86849412, -13.41691828, -15.10898555,
       -14.26862471, -15.39087057, -13.48741831, -13.76269189,
       -14.22501825, -15.03478636, -13.39535613, -14.82860127,
       -14.84112346, -14.07431001, -13.42326192, -14.47748099,
       -15.40155674, -14.92186571, -13.95647063, -14.10218451,
       -15.0525017 , -13.97281428, -15.54193205, -14.27295722,
       -13.3657039 , -12.99995708, -13.12407428, -14.41448032,
       -14.54528496, -14.11568617, -14.60477272, -13.93570461,
       -15.33249807, -15.50428346, -13.86294045, -13.72048237,
       -15.10215316, -14.75202535, -14.35951881, -14.18638976,
       -14.01243322, -13.66093054, -13.37498887, -14.21333411,
       -14.61789911, -14.07513733, -13.77406913, -14.40424034])]
D:[30, 'cal', [10.0, 100.0], 27.972, 3.152, array([30.02260365, 29.2838893 , 29.29101227, 32.23494205, 26.12473699,
       23.55060458, 24.15057265, 28.73787419, 33.6130653 , 29.3907233 ,
       35.1457214 , 27.69398883, 29.84412777, 26.4544293 , 30.86641142,
       29.83478837, 29.54030214, 25.78329486, 25.90794339, 29.61241833,
       27.51566545, 25.28880608, 30.68988795, 25.52923182, 27.99390434,
       31.55144039, 31.72533854, 27.91272102, 29.31190152, 27.90229969,
       30.1815157 , 31.85969125, 26.79681546, 24.95737163, 35.54620408,
       28.19554113, 33.85443487, 31.41861326, 34.18012692, 29.6545362 ,
       24.45723108, 29.93704378, 33.99706082, 22.81292038, 33.15996693,
       40.76410356, 29.13577413, 29.67273727, 28.87462637, 26.94678983,
       26.19565298, 31.73312373, 31.9872786 , 30.75506044, 24.86942458,
       30.73613253, 28.02527202, 31.0684904 , 26.34195615, 26.8992213 ,
       27.49968299, 26.49631983, 25.48595639, 31.28522933, 28.44809818,
       27.59819859, 23.96315621, 28.95126781, 32.74250823, 31.64847937,
       29.04171044, 26.75995893, 31.70417722, 26.9069804 , 32.42215075,
       30.56142116, 25.83308352, 25.62809366, 25.21064604, 31.51039183,
       27.96515641, 27.82319252, 28.86983564, 27.67093871, 32.97187977,
       35.36301541, 22.38792426, 26.47284178, 30.54086635, 30.56749802,
       28.18827636, 28.41848955, 27.01912588, 24.13336289, 23.77400593,
       30.53804087, 30.14194255, 29.86403281, 28.33936138, 30.05490615])]
W_max:[100, 'cal', [1.0, 30.0], 3.277, 0.733, array([ 4.24445199, 11.56149176, 12.89964711, 13.30759733,  4.32391129,
        3.32106182, 10.36738427,  3.8094128 , 14.33380465,  2.94344679,
       15.35257346,  3.87925705,  3.95000148,  3.91754727,  4.28258077,
       12.87069259, 12.96773025,  4.0422789 , 11.21294747, 12.95029508,
        4.32607221, 10.99345598, 14.64273259, 10.63710193,  2.89425573,
        4.33456079,  3.27670753,  3.87894262, 13.45590202, 12.49159234,
        4.05028062, 12.98447448,  3.78037604, 11.10970468, 15.9596197 ,
        4.11183865, 13.75762071, 13.69853736, 13.44309638,  4.08567994,
        3.54562557,  3.92482712,  4.52270109,  2.33136306, 14.17171282,
       17.1970983 , 12.18499568,  4.0222433 ,  4.09105001,  4.13170268,
       12.0382928 ,  6.12774197, 13.38863553, 13.66055726, 11.14212866,
       13.53291809,  3.72512727,  4.40229687, 11.30009636, 12.27088006,
        3.79232635,  3.86450959, 10.47662085, 13.61244607,  2.89177924,
        3.53173207,  3.39559899,  4.06888483,  3.90403696,  4.64009234,
        3.6522409 , 12.4300653 ,  4.49942255,  3.78470107,  4.98690862,
       12.88206002, 11.7052964 ,  3.561277  ,  3.4652046 ,  4.98084943,
       13.6885393 ,  2.56978452, 13.34977637,  4.23446588,  4.8534857 ,
        4.76254487,  3.35495498,  3.6834606 ,  4.27645491,  4.24332727,
       12.14267807,  4.11570007, 11.51505276,  9.85100189,  9.96629266,
       13.77833501,  4.2758574 ,  4.01408982, 12.32100113,  4.39106737])]
WW_fc:[0.32, 'cal', [0.29, 0.35], 0.313, 0.018, array([0.30273051, 0.339287  , 0.31444907, 0.2998043 , 0.31923616,
       0.34969547, 0.33326332, 0.32890006, 0.29049198, 0.3265011 ,
       0.29775617, 0.32806115, 0.32419933, 0.32787401, 0.3354306 ,
       0.30058541, 0.29740874, 0.33963385, 0.32825822, 0.30896932,
       0.32795896, 0.32228381, 0.29122109, 0.33826302, 0.31855504,
       0.29605386, 0.29760673, 0.32227106, 0.30145993, 0.30704209,
       0.31482095, 0.29654319, 0.3486011 , 0.32590923, 0.29334988,
       0.3052607 , 0.30501136, 0.29951912, 0.29492851, 0.31994718,
       0.33816076, 0.31219665, 0.31057281, 0.34947911, 0.29448167,
       0.2902632 , 0.33903349, 0.32299601, 0.31580429, 0.32229998,
       0.31578356, 0.3090824 , 0.29674586, 0.31725921, 0.33385211,
       0.31512838, 0.31993145, 0.32101844, 0.31714471, 0.31742943,
       0.32645096, 0.34903218, 0.32156651, 0.3145206 , 0.32972829,
       0.32356152, 0.33725604, 0.31543393, 0.30816504, 0.30342256,
       0.31378119, 0.32708187, 0.31025904, 0.31288724, 0.31387619,
       0.30063388, 0.32370659, 0.33126659, 0.32124775, 0.29453463,
       0.32938904, 0.31663027, 0.32669868, 0.3140996 , 0.30309776,
       0.29463934, 0.34857308, 0.31638671, 0.32157923, 0.31393599,
       0.33152848, 0.3167298 , 0.33075204, 0.34892549, 0.34478574,
       0.30015848, 0.31303259, 0.29909387, 0.3038383 , 0.30257179])]
WW_w:[0.09, 'cal', [0.06, 0.12], 0.085, 0.019, array([0.0802975 , 0.11733357, 0.10080581, 0.10343944, 0.06011533,
       0.07910025, 0.07377921, 0.08658254, 0.09836901, 0.10365305,
       0.11288687, 0.07722127, 0.09047557, 0.07968375, 0.11450135,
       0.08987533, 0.08974742, 0.07992035, 0.08397626, 0.11068522,
       0.0871374 , 0.07845327, 0.08525119, 0.09031699, 0.09316373,
       0.07863161, 0.08625683, 0.07753886, 0.09347523, 0.08204385,
       0.07376464, 0.09136903, 0.09899313, 0.07224055, 0.11153471,
       0.06380366, 0.11239557, 0.0980818 , 0.11303461, 0.08832867,
       0.06101371, 0.08961068, 0.1114111 , 0.08824993, 0.10427651,
       0.11996147, 0.11211101, 0.09332156, 0.08537361, 0.07587325,
       0.08510462, 0.10900977, 0.0957963 , 0.11283105, 0.08122629,
       0.11525325, 0.06872906, 0.10514857, 0.08087262, 0.08914609,
       0.07321655, 0.10065892, 0.06925085, 0.10959388, 0.10316003,
       0.07763304, 0.06094116, 0.0834189 , 0.10409439, 0.09170908,
       0.0636782 , 0.09667853, 0.09339514, 0.06421193, 0.11773756,
       0.09125561, 0.07499343, 0.06001243, 0.0600151 , 0.07728783,
       0.11232299, 0.09411237, 0.10727057, 0.06765767, 0.09939696,
       0.10584948, 0.07307586, 0.06089845, 0.09550504, 0.08362113,
       0.10534669, 0.0743459 , 0.09307436, 0.08251571, 0.07618537,
       0.09156416, 0.08570169, 0.06736211, 0.0792114 , 0.0734502 ])]
rho_st:[0.4, 'cal', [0.25, 0.5], 0.25, 0.009, array([0.28801682, 0.25600048, 0.3644641 , 0.34928013, 0.25030757,
       0.25652527, 0.38151484, 0.25609567, 0.33614588, 0.2651408 ,
       0.29616382, 0.26107021, 0.25308578, 0.25189335, 0.25131425,
       0.37493991, 0.36728113, 0.25526694, 0.3731195 , 0.34365905,
       0.25182279, 0.41714184, 0.35665024, 0.35142556, 0.26050569,
       0.26261157, 0.30818413, 0.25255521, 0.40859061, 0.37611529,
       0.25067422, 0.27195679, 0.2656165 , 0.366446  , 0.2820278 ,
       0.25378299, 0.25258192, 0.34513516, 0.30679348, 0.26562998,
       0.25001531, 0.36270844, 0.25009301, 0.25048451, 0.33193011,
       0.26175256, 0.29284922, 0.2501781 , 0.28173427, 0.25008957,
       0.39306752, 0.29609005, 0.34001632, 0.32547833, 0.39181717,
       0.32608321, 0.26855766, 0.25277008, 0.41311691, 0.41465584,
       0.25059922, 0.25141833, 0.33135587, 0.32432677, 0.26894238,
       0.38544346, 0.25073824, 0.28748883, 0.33699117, 0.27145466,
       0.25034925, 0.38423353, 0.25479641, 0.25215974, 0.28454776,
       0.32420525, 0.37224334, 0.25642909, 0.25448417, 0.25060889,
       0.38089511, 0.29654325, 0.32851712, 0.25056282, 0.2531658 ,
       0.27083178, 0.25129379, 0.25013166, 0.25107507, 0.25298183,
       0.33421693, 0.25032143, 0.32021164, 0.31059066, 0.34297619,
       0.35107368, 0.25015778, 0.25138063, 0.33725874, 0.25045878])]
Kc0:[1, 'cal', [0.1, 1.5], 0.111, 0.03, array([0.14535249, 0.42296405, 0.49307262, 0.47342189, 0.19477541,
       0.14482411, 0.44403806, 0.13270752, 0.47876093, 0.11653513,
       0.47825697, 0.13611705, 0.13456104, 0.15635361, 0.14299705,
       0.48291534, 0.47527055, 0.17426681, 0.46172776, 0.46811048,
       0.16159115, 0.48134342, 0.50694076, 0.43580978, 0.11087895,
       0.13817105, 0.1115463 , 0.15254234, 0.53030683, 0.48047902,
       0.13347008, 0.42899682, 0.14312202, 0.44995464, 0.48333667,
       0.14551864, 0.47406582, 0.48085233, 0.4343832 , 0.14142794,
       0.16753224, 0.11950627, 0.14573624, 0.11816137, 0.47202479,
       0.47505175, 0.4371833 , 0.14820367, 0.14442139, 0.18050121,
       0.49089068, 0.21340013, 0.4637074 , 0.49388811, 0.48091877,
       0.47900102, 0.13035397, 0.14913849, 0.48287775, 0.51928571,
       0.14269037, 0.1409475 , 0.43184218, 0.47897941, 0.11661359,
       0.11786913, 0.16408422, 0.14510048, 0.11178395, 0.15312169,
       0.1324141 , 0.50675941, 0.14641991, 0.15048739, 0.17401282,
       0.47834776, 0.4724036 , 0.15815663, 0.16799629, 0.16688637,
       0.55352574, 0.12574624, 0.49027904, 0.16709235, 0.15354644,
       0.14330959, 0.16399879, 0.14961333, 0.14352311, 0.13979728,
       0.46376218, 0.15546198, 0.46944309, 0.4243024 , 0.45100316,
       0.48921969, 0.1522043 , 0.14633882, 0.47690205, 0.15209804])]
