A:[0.3, 'cal', [0.01, 1.0], 0.322, 0.028, array([0.32689153, 0.31087062, 0.33891556, 0.39095306, 0.35200959,
       0.3840447 , 0.3226733 , 0.32374175, 0.27902478, 0.53732372,
       0.3787176 , 0.32598864, 0.33787177, 0.33721794, 0.34076307,
       0.36358669, 0.41246462, 0.34383614, 0.32902215, 0.38315785])]
B:[1.5, 'cal', [0.1, 3.0], 0.67, 0.266, array([0.79703567, 2.3962587 , 0.89098114, 0.90265698, 0.77305213,
       0.48279743, 0.85563242, 0.71843747, 1.13894442, 0.21974366,
       0.57676944, 1.00005821, 1.22820263, 0.87278723, 0.87500961,
       0.5698238 , 0.44513423, 0.66098861, 0.85908047, 0.52765694])]
C:[-15, 'cal', [-30.0, -5.0], -16.046, 3.872, array([-17.0918303 , -15.87113996, -13.16098981, -17.49744439,
       -12.68385854, -11.60985793, -19.77105266, -18.31971987,
       -24.69484429, -21.78975941, -12.98555956, -11.1616039 ,
       -18.17370891, -13.67952274, -13.36009261, -17.51553963,
       -15.13449991, -17.78435932, -15.95254256, -20.25446121])]
D:[30, 'cal', [10.0, 100.0], 29.743, 15.123, array([37.57214728, 37.63862435, 22.90604779, 41.57279611, 19.31497505,
       19.65055016, 45.05209208, 42.70069104, 56.48159392, 50.14652629,
       20.83565857, 18.42499563, 45.61493021, 25.30191592, 21.7749304 ,
       37.4886118 , 27.34619531, 36.1231617 , 32.43906849, 42.91903634])]
W_max:[100, 'cal', [1.0, 150.0], 8.735, 4.981, array([16.41281684,  4.64917452,  7.41604033,  8.79045702,  3.77550121,
       13.31220431, 19.04620153, 19.49753315,  9.31715087, 60.7704679 ,
        9.75590342, 10.48100388, 23.05229074, 10.11009425,  3.40737394,
       16.1172681 , 12.5600136 , 14.36059809, 13.1536606 ,  9.63037812])]
WW_fc:[0.32, 'cal', [0.3, 0.4], 0.325, 0.022, array([0.32695923, 0.34530259, 0.37239744, 0.32806921, 0.39807619,
       0.32396893, 0.33147385, 0.31344315, 0.33420465, 0.31126473,
       0.3704779 , 0.38820415, 0.31447268, 0.35364467, 0.39255513,
       0.3263622 , 0.35224389, 0.35064502, 0.34431769, 0.34050214])]
WW_w:[0.09, 'cal', [0.01, 0.2], 0.16, 0.052, array([0.15573475, 0.12194423, 0.08452532, 0.16505039, 0.06451908,
       0.01590806, 0.18764321, 0.16540091, 0.19920431, 0.19749703,
       0.07165678, 0.03669869, 0.16631815, 0.09556184, 0.08991257,
       0.15872493, 0.12809863, 0.17336233, 0.14269067, 0.19498039])]
rho_st:[0.02, 'cal', [0.1, 0.8], 0.166, 0.116, array([0.24191451, 0.10261488, 0.27267172, 0.13563474, 0.37915114,
       0.5600759 , 0.16915372, 0.25250102, 0.14050035, 0.13123403,
       0.39019413, 0.5776518 , 0.22684342, 0.34250407, 0.24564174,
       0.21862852, 0.31503731, 0.18086519, 0.26838628, 0.11238465])]
Kc0:[0.04, 'cal', [0.0, 1.0], 0.446, 0.042, array([0.47830882, 0.15109812, 0.41394912, 0.32720929, 0.22624932,
       0.80663184, 0.4896968 , 0.55066534, 0.113495  , 0.68660571,
       0.47278891, 0.74167522, 0.5215915 , 0.43125828, 0.19519601,
       0.50791508, 0.4939018 , 0.48576419, 0.45598259, 0.24173147])]
