A:[0.3, 'cal', [0.01, 1.0], 0.312, 0.014, array([0.32076531, 0.3283153 , 0.3011677 , 0.32138746, 0.33584271,
       0.31426285, 0.33770358, 0.3819401 , 0.33399516, 0.48597713,
       0.3252362 , 0.32354636, 0.31280258, 0.33358099, 0.31680559,
       0.31269768, 0.32155189, 0.33280132, 0.31795098, 0.28443561])]
B:[1.5, 'cal', [0.1, 3.0], 0.867, 0.294, array([1.0311885 , 0.89358496, 1.57688728, 0.62093881, 1.12667515,
       1.30911593, 1.41291539, 0.46765744, 0.82775137, 0.31350845,
       0.78722136, 1.15168942, 0.78191563, 0.86438934, 1.36743821,
       0.96084202, 1.0321021 , 0.78185825, 0.7111944 , 1.06573232])]
C:[-15, 'cal', [-30.0, -5.0], -15.258, 2.603, array([-16.13867991, -17.33577308, -16.23712633, -13.40659463,
       -12.6018237 , -14.0675074 , -13.4489421 , -15.11680151,
       -12.42679206, -15.99365927, -19.48869839, -13.34662087,
       -13.22790623, -14.62976514, -19.18106522, -19.32554526,
       -15.52018107, -17.82789332, -17.75009397, -14.78649069])]
D:[30, 'cal', [10.0, 100.0], 26.014, 9.061, array([39.19153639, 37.07548808, 41.56099568, 21.42598345, 24.43324968,
       28.54301064, 26.18246287, 26.91527439, 23.15240424, 30.34623305,
       45.41450123, 28.59463336, 23.85382568, 27.43319153, 50.36075671,
       42.09715437, 30.19082637, 42.13653849, 38.09170931, 24.42703182])]
W_max:[100, 'cal', [1.0, 150.0], 7.152, 6.299, array([14.88328542, 10.58769967, 11.95067519, 10.55259126, 12.07552492,
       10.48644087,  3.79240345, 11.08560586,  4.98613537, 15.43996964,
       29.55101629,  4.71988493, 11.21431537,  4.49724587, 16.67969052,
       11.67124785,  4.1171949 , 23.37214369, 18.07037349,  3.35801192])]
WW_fc:[0.32, 'cal', [0.3, 0.4], 0.334, 0.026, array([0.30411068, 0.34433027, 0.30242187, 0.37513291, 0.3572974 ,
       0.34757711, 0.34139027, 0.35931545, 0.32923512, 0.34495856,
       0.32768965, 0.31324129, 0.35320229, 0.34963774, 0.30123942,
       0.34893617, 0.34897881, 0.30869019, 0.33694388, 0.39494277])]
WW_w:[0.09, 'cal', [0.01, 0.2], 0.121, 0.05, array([0.13093096, 0.16505502, 0.12852186, 0.12864457, 0.0887117 ,
       0.10397076, 0.09754608, 0.13305813, 0.04744694, 0.15123827,
       0.18912691, 0.05562785, 0.07318653, 0.10422987, 0.15895925,
       0.19268594, 0.10180883, 0.15104998, 0.16708572, 0.12739518])]
rho_st:[0.02, 'cal', [0.1, 0.8], 0.123, 0.071, array([0.21117342, 0.12284259, 0.13834231, 0.53032762, 0.38144974,
       0.20195528, 0.53990752, 0.26289481, 0.15423628, 0.27321932,
       0.2034051 , 0.15163955, 0.14875368, 0.24928597, 0.10315591,
       0.1265219 , 0.12356995, 0.13505421, 0.18387839, 0.43011837])]
Kc0:[0.04, 'cal', [0.01, 1.0], 0.382, 0.237, array([0.48414284, 0.42382347, 0.39945931, 0.47552886, 0.53542613,
       0.4255444 , 0.1207353 , 0.4908281 , 0.31647436, 0.58838498,
       0.80948098, 0.20457764, 0.69500974, 0.1740345 , 0.39178292,
       0.38614653, 0.14902276, 0.6259059 , 0.62835154, 0.12346627])]
