A:[0.3, 'cal', [0.01, 1.0], 0.173, 0.006, array([0.17512353, 0.17500219, 0.1847422 , 0.27576   , 0.18192223,
       0.18062486, 0.32868575, 0.17672118, 0.31883817, 0.24790085,
       0.22664813, 0.18438234, 0.18452119, 0.16500143, 0.18152594,
       0.17602112, 0.18674059, 0.26109245, 0.17962562, 0.18220004])]
B:[1.5, 'cal', [0.1, 3.0], 1.233, 1.232, array([2.30919401, 2.8153158 , 1.2302321 , 0.33613302, 1.24322143,
       1.9313635 , 0.24419017, 1.76594491, 0.27228619, 0.40393008,
       0.50483388, 2.33789398, 2.57046488, 1.13197722, 2.72010016,
       2.03194747, 0.90356377, 0.38807785, 2.3612903 , 2.00121175])]
C:[-15, 'cal', [-30.0, -5.0], -17.819, 0.495, array([-18.24582254, -18.98306089, -18.39546969, -17.65597621,
       -18.09057739, -15.98894679, -17.07031443, -16.39680609,
       -17.74262959, -17.42134618, -17.27094396, -17.18978204,
       -14.1460666 , -21.36020831, -17.4802665 , -17.32948617,
       -19.14259766, -16.42299154, -19.69011876, -15.26955744])]
D:[30, 'cal', [10.0, 100.0], 23.608, 5.714, array([29.82517783, 36.66106366, 27.15526531, 21.29510656, 25.73133169,
       26.14966433, 20.04639359, 25.87811399, 21.31274515, 19.95389944,
       22.19866057, 29.81026339, 23.90921741, 41.79771245, 34.87692373,
       29.81580628, 28.0912131 , 18.72045334, 38.71144363, 25.6238099 ])]
W_max:[100, 'cal', [10.0, 100.0], 10.059, 1.733, array([12.52915777, 11.08326245, 10.23578984, 10.11626253, 12.4434955 ,
       11.59817193, 11.71293549, 11.1402798 , 10.76085189, 10.5924747 ,
       11.78234584, 12.29916893, 10.23261291, 99.43842465, 10.4760623 ,
       12.9060364 , 10.47306669, 10.05417273, 15.63424628, 11.14104531])]
WW_fc:[0.32, 'cal', [0.4, 0.5], 0.416, 0.02, array([0.46599298, 0.41918065, 0.43813907, 0.4276671 , 0.447409  ,
       0.42093636, 0.42929081, 0.41824687, 0.44275473, 0.45994716,
       0.41911564, 0.43866663, 0.43615066, 0.49876373, 0.40008247,
       0.41462587, 0.41844523, 0.44423509, 0.4004014 , 0.40467707])]
WW_w:[0.09, 'cal', [0.1, 0.2], 0.17, 0.029, array([0.17546259, 0.19772746, 0.17755858, 0.1345978 , 0.18441546,
       0.15596517, 0.1630933 , 0.187457  , 0.19179283, 0.13406356,
       0.11907339, 0.14953009, 0.16484425, 0.14273065, 0.14419912,
       0.18028489, 0.19699878, 0.15186647, 0.19685019, 0.16427357])]
rho_st:[0.4, 'cal', [0.38, 0.62], 0.377, 0.027, array([0.37687038, 0.37868362, 0.40992114, 0.39842873, 0.4411301 ,
       0.54176902, 0.51627291, 0.52633846, 0.44970449, 0.41662496,
       0.40007314, 0.40582237, 0.62320829, 0.57063965, 0.37793659,
       0.47060368, 0.38116873, 0.56679952, 0.37850809, 0.58613927])]
Kc0:[0.5, 'cal', [0.5, 1.5], 1.471, 0.04, array([1.49667505, 1.11076417, 1.24637795, 1.30088703, 1.43201918,
       1.49861431, 1.47880805, 1.41120758, 1.33643213, 1.47824533,
       1.45539845, 1.4998841 , 1.48183905, 1.49507374, 1.10787022,
       1.41573106, 1.11719791, 1.42495322, 1.36037677, 1.48487852])]
