A:[0.3, 'cal', [0.0, 1.0], 0.336, 0.008, array([0.35191263, 0.34929345, 0.37498276, 0.34528279, 0.34785397,
       0.35049929, 0.3477767 , 0.34572897, 0.3455765 , 0.3529117 ,
       0.34798814, 0.32096343, 0.34834041, 0.34435404, 0.34423484,
       0.34969329, 0.31623804, 0.33854114, 0.34911268, 0.40031635,
       0.3467158 , 0.34413975, 0.34461158, 0.34012513, 0.34795454,
       0.34691578, 0.34891797, 0.3469658 , 0.34742136, 0.34502769,
       0.34566966, 0.34321801, 0.3435771 , 0.35203261, 0.35130007,
       0.33763878, 0.34423984, 0.35214551, 0.35607084, 0.34531838,
       0.33070975, 0.34926512, 0.35127035, 0.35161015, 0.34612724,
       0.35069393, 0.33837056, 0.343552  , 0.34594622, 0.3456567 ,
       0.34057511, 0.34669383, 0.34812526, 0.35610058, 0.34128463,
       0.34751413, 0.33434055, 0.34567498, 0.3585267 , 0.34299839,
       0.34815471, 0.35110672, 0.33576703, 0.34947637, 0.34369298,
       0.34151246, 0.357992  , 0.34399276, 0.34486136, 0.34360702,
       0.38430823, 0.34782687, 0.34510902, 0.34328285, 0.50594334,
       0.34519058, 0.35347981, 0.3540414 , 0.34360849, 0.34278257,
       0.32013378, 0.34582731, 0.34950253, 0.35024868, 0.34859248,
       0.3428248 , 0.34956731, 0.34495965, 0.3653324 , 0.33965481,
       0.35534221, 0.34605255, 0.34301821, 0.34910454, 0.34669772,
       0.39439418, 0.34690897, 0.34147965, 0.34901174, 0.3454939 ])]
B:[1.5, 'cal', [0.0, 3.0], 0.64, 0.042, array([0.65803353, 0.68104823, 0.5374072 , 0.70315809, 0.87244824,
       0.67796393, 0.68071912, 0.69326214, 0.69562214, 0.65203054,
       0.68348235, 1.00380129, 0.67470939, 1.00284073, 0.7206857 ,
       0.67220203, 1.15901799, 0.76289562, 0.67257955, 0.62943957,
       0.68590423, 0.70535608, 0.70539651, 0.85542805, 0.7025718 ,
       0.69431859, 0.67872642, 0.7126329 , 0.68443582, 0.70798891,
       0.69598177, 0.71997052, 0.71201181, 0.65778017, 0.6971188 ,
       0.7438809 , 0.71052008, 0.66297325, 0.63379016, 0.70034907,
       0.95048026, 0.68534217, 0.66081982, 0.66954141, 0.69242484,
       0.66385904, 0.74463162, 0.72564842, 0.69521456, 0.69463442,
       0.74090181, 0.69263755, 0.68049425, 0.62323965, 0.70154299,
       0.68938621, 0.78160513, 0.69889556, 0.6273883 , 0.92356229,
       0.67223809, 0.65496797, 0.94124007, 0.67341164, 0.88617834,
       0.72237198, 0.63133584, 0.71594669, 0.92071564, 0.71059976,
       0.49874499, 0.68584697, 0.69405598, 0.72234599, 0.28953822,
       0.70165422, 0.65663367, 0.64174186, 0.70862583, 0.7244458 ,
       1.1226059 , 0.69064832, 0.67406877, 0.67179107, 0.67851749,
       0.71877194, 0.67668595, 0.69570956, 0.57174808, 0.80364146,
       0.63643734, 0.69731657, 0.72167143, 0.67269905, 0.69355381,
       0.48158145, 0.68683006, 0.74777754, 0.67747012, 0.69619554])]
C:[-15, 'cal', [-30.0, -5.0], -14.767, 0.153, array([-14.39547937, -14.44907558, -14.49271579, -14.49958341,
       -19.17334192, -14.52181431, -14.53299839, -14.51134212,
       -14.52011014, -14.43815859, -14.37316834, -19.35179772,
       -14.55039963, -19.49983021, -14.5234973 , -14.45737131,
       -19.53945717, -14.76204292, -14.48748137, -18.90125012,
       -14.51592134, -14.43072968, -14.38839924, -17.89627296,
       -14.53736987, -14.39109107, -14.50526109, -14.82672231,
       -14.49262017, -14.47357859, -14.5448075 , -15.65971928,
       -14.48296691, -14.45608908, -14.4155941 , -14.45490731,
       -14.46014217, -14.46911944, -14.54932796, -14.37251163,
       -17.93291784, -14.39010652, -14.47666986, -14.55086157,
       -14.51650611, -14.38474877, -14.48743053, -14.51473418,
       -14.50641954, -14.50909824, -14.47628362, -14.53554311,
       -14.50501018, -14.51815817, -14.51115484, -14.56197035,
       -14.54133188, -14.44794473, -14.52241035, -19.26559927,
       -14.50579115, -14.459078  , -17.79419693, -14.42116537,
       -19.27793672, -14.51198802, -14.52709893, -14.49086347,
       -19.15911612, -14.52838501, -14.62372842, -14.37126026,
       -14.56928318, -14.5190105 , -14.57317525, -14.40105869,
       -14.41591852, -14.55495598, -14.42405438, -14.44170426,
       -19.87359302, -14.51809823, -14.45357271, -14.52327491,
       -14.37927282, -14.50332356, -14.38174587, -14.47001912,
       -14.45322054, -16.96741515, -14.54521823, -14.37013076,
       -14.40495864, -14.52394481, -14.45504972, -14.57244204,
       -14.52048319, -14.81332095, -14.50346697, -14.4603397 ])]
D:[30, 'cal', [10.0, 100.0], 27.363, 1.432, array([27.71259539, 29.1953861 , 27.94681466, 28.70129287, 46.26062332,
       29.48009068, 29.32866674, 27.88601371, 29.01014952, 26.67490203,
       27.19835479, 47.37529242, 29.52489402, 48.04011864, 30.0475912 ,
       28.60480329, 48.9401184 , 28.33056474, 28.24727336, 43.63774414,
       27.88194815, 28.15446908, 28.82889195, 42.27409002, 31.56867076,
       28.67098262, 27.60027255, 29.64796994, 28.2224062 , 28.8241665 ,
       30.31605414, 33.94576918, 29.51142746, 26.77320107, 28.86897442,
       28.54384475, 29.6055251 , 30.46420574, 27.39832975, 27.7231584 ,
       43.00695912, 28.71982098, 29.04773491, 30.70248051, 27.95353013,
       26.88669112, 27.17925073, 29.51498029, 27.81195672, 27.87038715,
       28.4860858 , 30.70098852, 27.74860408, 26.7231779 , 29.28425879,
       29.84819878, 31.61460167, 28.90349493, 27.14175237, 46.80772062,
       28.98181523, 27.31930495, 42.56007157, 29.81021339, 46.5224019 ,
       29.94112836, 27.24813205, 28.29821698, 46.60461229, 30.10851583,
       28.25249344, 27.03013406, 30.8133241 , 29.92853255, 25.7041286 ,
       29.50603677, 29.14447326, 29.75038444, 29.78672461, 29.33550207,
       49.87466196, 28.58848967, 28.83389351, 27.59962848, 27.19740833,
       27.29965999, 27.67846237, 28.05519246, 26.17427338, 38.74826515,
       29.08237874, 27.08544304, 30.29673711, 28.64840489, 29.69283025,
       27.17605034, 29.13956544, 29.25119841, 29.30177352, 28.44279818])]
WW_fc:[0.32, 'cal', [0.29, 0.35], 0.325, 0.017, array([0.33351765, 0.32031968, 0.3245294 , 0.32975652, 0.29038074,
       0.32029546, 0.32186921, 0.33862973, 0.32579315, 0.34736604,
       0.34077464, 0.29001635, 0.3214693 , 0.29030602, 0.31551889,
       0.32606211, 0.29050151, 0.33971858, 0.33159974, 0.2903924 ,
       0.33847883, 0.33301974, 0.32354351, 0.29000161, 0.30112577,
       0.32495134, 0.34114454, 0.31800774, 0.33290228, 0.32544382,
       0.31299353, 0.30005779, 0.32045209, 0.34733107, 0.32523547,
       0.32977917, 0.31803895, 0.30666833, 0.34122297, 0.33535027,
       0.2900329 , 0.32381959, 0.32124634, 0.30775872, 0.33793096,
       0.34318047, 0.34963928, 0.32164255, 0.33962174, 0.33883446,
       0.33113383, 0.30865607, 0.33922692, 0.34768028, 0.32309728,
       0.31611891, 0.30606908, 0.32458498, 0.34298771, 0.29072988,
       0.32305353, 0.33967851, 0.29001   , 0.31177336, 0.29002821,
       0.31730946, 0.34263859, 0.33500131, 0.29004316, 0.31550692,
       0.32633987, 0.34299399, 0.30865723, 0.31606118, 0.3410639 ,
       0.31639977, 0.31804213, 0.3152582 , 0.31751816, 0.32125168,
       0.29022136, 0.3304244 , 0.3238513 , 0.34113655, 0.34055947,
       0.34734066, 0.33482828, 0.3351309 , 0.34944813, 0.29267913,
       0.32138442, 0.34306665, 0.30980052, 0.32879559, 0.31575204,
       0.33501814, 0.3239941 , 0.32541498, 0.32116636, 0.33042109])]
WW_w:[0.09, 'cal', [0.06, 0.12], 0.095, 0.005, array([0.09443998, 0.09343436, 0.09410428, 0.09971309, 0.11891532,
       0.09669879, 0.09770556, 0.10266518, 0.09744573, 0.10117111,
       0.09625583, 0.11774057, 0.09986258, 0.11237472, 0.09273605,
       0.0950625 , 0.11848073, 0.10224426, 0.09848909, 0.11791683,
       0.10263707, 0.09706379, 0.0918999 , 0.11803341, 0.09139235,
       0.0922618 , 0.10338181, 0.08700737, 0.0997163 , 0.09369059,
       0.09503211, 0.11462059, 0.09575131, 0.10118536, 0.09417082,
       0.09519276, 0.0927502 , 0.0895845 , 0.1034496 , 0.09464097,
       0.11328664, 0.09197566, 0.09482121, 0.09338667, 0.10247057,
       0.09689403, 0.10559308, 0.09767415, 0.10294263, 0.1027478 ,
       0.09513505, 0.09366391, 0.1024497 , 0.10527928, 0.09781174,
       0.09384074, 0.09302458, 0.09463662, 0.10294706, 0.1199993 ,
       0.0957207 , 0.09894361, 0.11629899, 0.08888718, 0.11995427,
       0.09629147, 0.10362476, 0.10156929, 0.11589138, 0.09579531,
       0.10359226, 0.09686405, 0.0937656 , 0.09276549, 0.10177374,
       0.09008828, 0.09049586, 0.09568605, 0.09402405, 0.09365155,
       0.11670366, 0.10022515, 0.09442318, 0.10332781, 0.09621871,
       0.10475616, 0.09477536, 0.10034306, 0.10124029, 0.11986562,
       0.09754742, 0.09687352, 0.08843708, 0.09970427, 0.09209897,
       0.10125112, 0.0980592 , 0.09278788, 0.09661901, 0.09768658])]
rho_st:[0.4, 'fix', ['/', '/'], 0.4, '/']
Kc0:[0.5, 'cal', [0.0, 1.0], 0.272, 0.007, array([0.28285921, 0.28334664, 0.28280042, 0.28340714, 0.10027583,
       0.28391643, 0.28406536, 0.28313865, 0.28316423, 0.28206238,
       0.28231606, 0.09977013, 0.29295131, 0.09908144, 0.27222325,
       0.28296441, 0.09983654, 0.23183319, 0.28388012, 0.1003753 ,
       0.2831561 , 0.28265617, 0.2836358 , 0.11430971, 0.28544506,
       0.28353229, 0.28284261, 0.20838645, 0.28284202, 0.27181987,
       0.28468549, 0.17454061, 0.28362551, 0.28207827, 0.27556027,
       0.27511478, 0.28330946, 0.28413213, 0.28302179, 0.28183249,
       0.11419972, 0.28362654, 0.2839123 , 0.28495646, 0.28318165,
       0.28214912, 0.28130127, 0.28422856, 0.28293811, 0.28314149,
       0.2695925 , 0.28496361, 0.28286544, 0.28265198, 0.28390013,
       0.27238248, 0.2851585 , 0.28301872, 0.28231282, 0.1000235 ,
       0.28412132, 0.28236347, 0.11595358, 0.28459964, 0.0999051 ,
       0.28433978, 0.28279816, 0.28331271, 0.09983602, 0.2845436 ,
       0.30431032, 0.2821994 , 0.28499929, 0.27266265, 0.30339691,
       0.28424505, 0.28408069, 0.28449561, 0.2843511 , 0.28316099,
       0.09915772, 0.28355706, 0.28304899, 0.28291205, 0.28237036,
       0.28228476, 0.28276569, 0.28269622, 0.29084755, 0.13005465,
       0.28414392, 0.28217154, 0.28491467, 0.28362035, 0.28344929,
       0.28318548, 0.28380033, 0.21392938, 0.28377996, 0.28380991])]
