A:[0.3, 'cal', [0.01, 1.0], 0.333, 0.021, array([0.34018852, 0.34220105, 0.36421688, 0.44189565, 0.40133105,
       0.44991818, 0.33997822, 0.36474933, 0.34201847, 0.33743404,
       0.35404489, 0.36334704, 0.36113448, 0.33555098, 0.34061179,
       0.33572593, 0.42988397, 0.34360023, 0.3331741 , 0.40438883,
       0.34850681, 0.37122173, 0.63408058, 0.35737293, 0.33764665,
       0.35171517, 0.41099203, 0.34028166, 0.35864823, 0.35692646,
       0.36761552, 0.35590513, 0.44472394, 0.3460054 , 0.35522044,
       0.34783747, 0.40986653, 0.37461761, 0.34255736, 0.510728  ,
       0.34965999, 0.35856619, 0.34763915, 0.35852773, 0.33210761,
       0.74962273, 0.3580219 , 0.37217188, 0.34733922, 0.34255841,
       0.34719291, 0.3427324 , 0.35177256, 0.36918584, 0.34421152,
       0.37701157, 0.34536994, 0.34503576, 0.36973589, 0.33325939,
       0.36024921, 0.36350018, 0.34522714, 0.34103823, 0.35144789,
       0.33910379, 0.33284669, 0.41163315, 0.3631212 , 0.47783079,
       0.34802381, 0.33793332, 0.4060536 , 0.34855058, 0.37510419,
       0.34384984, 0.37984311, 0.34272112, 0.339287  , 0.35576323,
       0.36044943, 0.35344491, 0.36005354, 0.38527496, 0.34940593,
       0.35894812, 0.34755799, 0.36332936, 0.35044005, 0.35819513,
       0.35336881, 0.38972926, 0.35840024, 0.3501366 , 0.35599826,
       0.34938188, 0.35656255, 0.36373377, 0.44865919, 0.3504568 ])]
B:[1.5, 'cal', [0.1, 3.0], 0.692, 0.133, array([0.81180691, 0.81731177, 0.58715271, 0.38308864, 0.50170332,
       0.41437194, 0.86833344, 0.71082188, 0.82266367, 0.89965526,
       0.73244823, 0.59983267, 0.70005295, 0.86819004, 0.73177541,
       0.86860332, 0.40532672, 0.81312841, 0.88646982, 0.46214911,
       0.78666398, 0.63179614, 0.21128453, 0.63848773, 0.81447947,
       0.75904005, 0.44587966, 0.87244398, 0.67411863, 0.65277337,
       0.67573901, 0.62769072, 0.37637361, 0.80753594, 0.65216828,
       0.64517201, 0.48335569, 0.60980294, 0.85358634, 0.28450974,
       0.75614057, 0.61803684, 0.66410078, 0.71862184, 0.90233742,
       0.16568273, 0.63070509, 0.55866387, 0.69933051, 0.70781395,
       0.74904667, 0.84189318, 0.79674044, 0.64845067, 0.81063105,
       0.61635292, 0.7943839 , 0.80051259, 0.60502903, 0.81022936,
       0.69335725, 0.59976159, 0.68363963, 0.7945519 , 0.72660535,
       0.88205957, 0.84003807, 0.48612104, 0.68302476, 0.3403638 ,
       0.73203603, 0.89778534, 0.46012397, 0.77360514, 0.55848565,
       0.81704046, 0.52811974, 0.8215177 , 0.81586407, 0.7742963 ,
       0.68670517, 0.72831633, 0.62114625, 0.52862029, 0.764076  ,
       0.60851334, 0.69356289, 0.67014786, 0.75682671, 0.65203833,
       0.62218882, 0.57283804, 0.63658418, 0.76603169, 0.61716049,
       0.68135548, 0.61808675, 0.70506977, 0.41402527, 0.69451059])]
C:[-15, 'cal', [-30.0, -5.0], -14.283, 0.802, array([-13.5616386 , -13.39416537, -14.92316452, -15.31279801,
       -14.26153173, -13.43786569, -14.24752707, -13.94765312,
       -13.85116328, -13.87711289, -15.24311853, -15.10304515,
       -15.37795328, -14.15535558, -13.64476768, -14.60828226,
       -14.22427802, -13.16615497, -13.9502564 , -13.98584775,
       -13.84961288, -14.55543699, -13.37475412, -14.7068178 ,
       -15.14097001, -14.44907577, -14.70411669, -14.72475851,
       -13.82547434, -13.49678367, -13.74245806, -15.124282  ,
       -14.18072153, -14.48310315, -13.26804485, -15.23322526,
       -14.08570889, -13.61974289, -13.40487234, -13.44405529,
       -13.67734209, -13.59301267, -15.47195303, -15.07321654,
       -15.75901148, -14.01665997, -13.6079421 , -14.88330821,
       -14.34216644, -14.13249961, -14.0870411 , -13.51101287,
       -13.61348557, -13.67956572, -13.59528182, -13.5957696 ,
       -15.2244056 , -14.82050387, -14.17815141, -13.35002242,
       -15.38034193, -13.87594811, -14.10880034, -14.26881738,
       -14.70652124, -14.46392858, -13.61756163, -13.50382632,
       -14.79769948, -13.74478031, -14.65318045, -13.88040041,
       -13.71980267, -13.7471171 , -14.52219681, -14.25115123,
       -14.40738384, -14.3505574 , -14.73989589, -15.13050207,
       -15.08034541, -14.41767888, -14.32915167, -13.66346249,
       -14.05738937, -15.7145162 , -14.70713604, -14.18456646,
       -15.67087419, -14.82918201, -15.43942984, -14.2658218 ,
       -14.69779856, -14.76983894, -15.53166049, -15.59615653,
       -13.95935599, -13.6615458 , -14.96580475, -14.77894976])]
D:[30, 'cal', [10.0, 100.0], 27.246, 3.15, array([27.49610986, 24.64215043, 29.7411087 , 32.98315515, 27.44587434,
       23.02351599, 29.63180099, 25.89991015, 27.27829989, 27.44060907,
       32.75551856, 33.4878551 , 31.54015384, 28.50067378, 25.69992375,
       28.4623056 , 25.75627521, 25.57542247, 29.60327504, 27.9267836 ,
       26.44804958, 26.58990051, 23.12180178, 28.40164083, 35.2950607 ,
       29.85687926, 30.74540449, 32.39633382, 26.27750283, 25.66330077,
       24.20103574, 30.80061065, 26.62917075, 29.06498913, 25.01033082,
       31.17767565, 29.07500374, 23.30052745, 26.38067661, 21.68270137,
       25.7174457 , 25.85812256, 34.94696519, 29.80925473, 33.81768809,
       24.84989142, 26.23302049, 31.18023164, 28.27655655, 26.44816334,
       30.35899867, 25.19498392, 24.95958661, 23.99292211, 24.82902613,
       26.71934297, 32.17039599, 31.82215966, 26.81032893, 24.869125  ,
       30.62893348, 26.40590204, 27.67829203, 30.33133501, 30.23613115,
       29.20370028, 26.08050212, 23.05843774, 28.52840122, 24.90081664,
       29.11762955, 28.01661324, 26.43407248, 26.46673989, 28.99314722,
       26.34510765, 27.80046841, 27.14072346, 31.24373377, 31.89696959,
       32.46815131, 27.67372541, 28.48448784, 26.0434424 , 27.74261246,
       36.19207814, 31.98454432, 26.89721423, 31.17331013, 31.01102951,
       33.80637072, 27.20280476, 28.87902152, 29.06700704, 35.21798346,
       32.91908495, 28.72109651, 26.32878672, 29.14190856, 32.03830271])]
W_max:[100, 'cal', [1.0, 30.0], 3.516, 1.228, array([ 4.35633901,  3.78605938, 13.04171681, 15.08334777,  4.11220799,
        9.2418089 ,  4.18785668,  3.94699222,  4.13539222,  3.9514283 ,
        4.92652574, 14.49495764,  4.59366229,  4.23028685,  4.14204837,
        4.19153591, 10.71897197,  4.58275612,  4.28453988, 11.58949221,
        3.92099242,  4.05490451,  9.65296013, 11.93197244, 14.74308588,
        4.67838365,  6.75441432,  5.19223987,  3.79012235, 10.26787866,
        3.62859035, 13.61425939,  5.71138414,  4.0437303 ,  9.5106913 ,
       13.2990289 ,  5.27691767,  3.60982361,  3.96777687,  8.80270625,
        3.93744762, 10.29481513, 15.62556812,  4.75282832,  4.6442132 ,
        4.91567192, 10.17442553, 13.09581262, 12.02803731, 10.85398719,
        6.41742602,  3.904418  ,  3.50668971,  3.90388358,  3.72628929,
        2.83426281,  4.71560974,  4.57136715,  5.6368703 ,  4.5097086 ,
        4.51483187, 10.59789289, 11.2521135 ,  5.20587761,  4.56722197,
        4.39757657,  4.3258386 ,  3.91823479,  4.66212476,  4.9560272 ,
        4.50556133,  4.13669549,  5.80930877,  3.92586801,  5.97390777,
        3.80301333, 11.55970961,  4.06491689,  4.48005841,  4.91013915,
        5.21440224,  4.01346972, 11.71329254, 10.54813864,  4.06927666,
       16.36596746, 13.37734951,  4.01676228,  5.23631036, 12.03925387,
       14.36468103,  4.05528603,  6.21491742,  4.46787286, 16.42694362,
        4.83781809, 11.43866066,  5.61611623,  5.30148944,  6.51907909])]
WW_fc:[0.32, 'cal', [0.29, 0.35], 0.312, 0.016, array([0.30365153, 0.33301653, 0.32363671, 0.29542288, 0.31180173,
       0.33701313, 0.30336017, 0.32361043, 0.31066289, 0.31447905,
       0.29704457, 0.29270974, 0.30922994, 0.31412818, 0.32145623,
       0.32667218, 0.33567395, 0.31712206, 0.29939383, 0.30378783,
       0.32119721, 0.33235759, 0.32246019, 0.34036773, 0.29314836,
       0.30151611, 0.29632003, 0.29417852, 0.31920776, 0.32811495,
       0.33663511, 0.32411187, 0.31485147, 0.31535876, 0.32373883,
       0.31996522, 0.29278757, 0.34349295, 0.31694923, 0.34794528,
       0.31786155, 0.321872  , 0.297361  , 0.32001862, 0.3114917 ,
       0.31212712, 0.31909289, 0.30561516, 0.3270685 , 0.3408369 ,
       0.2997508 , 0.326181  , 0.33088943, 0.34185506, 0.33201085,
       0.30070817, 0.30451297, 0.29405051, 0.33081162, 0.32847134,
       0.31861126, 0.32677115, 0.32564437, 0.30505851, 0.30317478,
       0.31639715, 0.32237542, 0.33967734, 0.32744212, 0.31403069,
       0.31391321, 0.30912471, 0.30705934, 0.31608989, 0.31236077,
       0.3350858 , 0.32669125, 0.32466661, 0.29761218, 0.30664111,
       0.29208562, 0.32137385, 0.31780035, 0.31790184, 0.30850656,
       0.29124595, 0.30089611, 0.31446043, 0.32737269, 0.30225507,
       0.30278116, 0.30974168, 0.32791173, 0.32074701, 0.29407026,
       0.30046416, 0.30381389, 0.32766177, 0.30718136, 0.30275576])]
WW_w:[0.09, 'cal', [0.06, 0.12], 0.078, 0.021, array([0.06142358, 0.0629152 , 0.11103747, 0.11018055, 0.08509219,
       0.07243904, 0.07041714, 0.07591466, 0.07281597, 0.07509717,
       0.10266696, 0.10235913, 0.10122445, 0.07689401, 0.06561164,
       0.08549779, 0.097     , 0.06040986, 0.07381926, 0.08105065,
       0.06920024, 0.09290916, 0.06756823, 0.11562534, 0.10644815,
       0.0767727 , 0.09753143, 0.08338547, 0.07302788, 0.07751547,
       0.0634011 , 0.11795287, 0.08852183, 0.08599236, 0.066803  ,
       0.11368808, 0.07972243, 0.06602764, 0.06734777, 0.07092196,
       0.0656316 , 0.07440371, 0.11432205, 0.09760555, 0.1164448 ,
       0.07990272, 0.07481608, 0.10268687, 0.09780044, 0.09389395,
       0.08881195, 0.06210971, 0.06034453, 0.07159741, 0.06404542,
       0.06803639, 0.10109653, 0.08311844, 0.09609247, 0.06031502,
       0.10846236, 0.08566428, 0.0912294 , 0.09140325, 0.09532564,
       0.08144105, 0.06501824, 0.07060382, 0.09971184, 0.07278757,
       0.08286103, 0.06133043, 0.07517617, 0.06199305, 0.09749153,
       0.08568923, 0.10080701, 0.07200595, 0.08228239, 0.09801086,
       0.08981821, 0.08978276, 0.09265916, 0.07534483, 0.07353039,
       0.1160672 , 0.09845237, 0.0770877 , 0.11678307, 0.09713739,
       0.11528661, 0.07204088, 0.11052182, 0.09105317, 0.11356109,
       0.10603918, 0.08151146, 0.08459382, 0.0935847 , 0.10393707])]
rho_st:[0.4, 'cal', [0.3, 0.5], 0.3, 0.006, array([0.30137705, 0.30031651, 0.3055439 , 0.3037932 , 0.30048521,
       0.31043385, 0.30155072, 0.41087941, 0.42120131, 0.4131556 ,
       0.34656545, 0.30032715, 0.3160457 , 0.31257751, 0.30014982,
       0.30488195, 0.30002253, 0.30000081, 0.30130307, 0.30059487,
       0.32441213, 0.36293155, 0.34200096, 0.30032478, 0.30012022,
       0.31927158, 0.30012563, 0.3073574 , 0.30008241, 0.30006045,
       0.32539148, 0.30407175, 0.3002042 , 0.30210929, 0.30017746,
       0.30013464, 0.30033036, 0.30000636, 0.30004685, 0.30198002,
       0.40577821, 0.30175699, 0.30072582, 0.3017094 , 0.30057923,
       0.30134191, 0.3000036 , 0.30045599, 0.30012153, 0.3009665 ,
       0.30009348, 0.39001327, 0.30700487, 0.30008422, 0.36827637,
       0.30030458, 0.33174201, 0.31283512, 0.30000499, 0.30179571,
       0.31445915, 0.30000737, 0.30074099, 0.30003813, 0.38547488,
       0.31468873, 0.30060637, 0.30074009, 0.30018858, 0.30004858,
       0.3066344 , 0.30381541, 0.30312285, 0.30016602, 0.30036248,
       0.38880685, 0.30028269, 0.31695489, 0.31636205, 0.31404762,
       0.30461264, 0.36895258, 0.30094725, 0.30004214, 0.38338667,
       0.30200412, 0.30005678, 0.39112634, 0.30241263, 0.33225806,
       0.30057301, 0.30147353, 0.30057813, 0.32047533, 0.30401924,
       0.30321484, 0.30000922, 0.30004622, 0.31044691, 0.30005333])]
Kc0:[0.5, 'cal', [0.1, 1.5], 0.128, 0.021, array([0.17447106, 0.1701353 , 0.47843813, 0.51271759, 0.16865958,
       0.42807833, 0.13680026, 0.133927  , 0.13600286, 0.1315872 ,
       0.13753315, 0.45835961, 0.12925322, 0.15091337, 0.17522974,
       0.1363177 , 0.48510997, 0.20683026, 0.16405968, 0.46958365,
       0.14675216, 0.13787722, 0.49038766, 0.5054567 , 0.47204402,
       0.14416451, 0.28111826, 0.1520253 , 0.15955602, 0.45357591,
       0.14273827, 0.50943868, 0.25932246, 0.14208907, 0.44745119,
       0.45849021, 0.22064127, 0.16012673, 0.16609052, 0.45320051,
       0.13852025, 0.44760389, 0.51043315, 0.14600404, 0.13206304,
       0.23465195, 0.43745327, 0.46545361, 0.45992462, 0.44109862,
       0.2723091 , 0.14517237, 0.13748344, 0.17536219, 0.13992329,
       0.13529797, 0.13427794, 0.13616245, 0.26769181, 0.18676872,
       0.13405336, 0.46575231, 0.46314745, 0.22051292, 0.13933753,
       0.14124931, 0.17638254, 0.19553575, 0.16482511, 0.23706676,
       0.14101666, 0.14321335, 0.27289883, 0.14733089, 0.2600766 ,
       0.12761671, 0.4905215 , 0.13528273, 0.13663181, 0.13605056,
       0.15083633, 0.1336173 , 0.44190298, 0.4512203 , 0.13351213,
       0.51322762, 0.46713182, 0.13099503, 0.15030518, 0.34476509,
       0.48154494, 0.14004606, 0.28286114, 0.1468926 , 0.51941167,
       0.13260601, 0.4665045 , 0.28050406, 0.16259593, 0.274458  ])]
