A:[0.3, 'cal', [0.0, 1.0], 0.327, 0.023, array([0.36498576, 0.45642287, 0.3454957 , 0.35929707, 0.35202982,
       0.35381611, 0.34181055, 0.36673018, 0.41284939, 0.33381086,
       0.34315808, 0.3288177 , 0.34860055, 0.34861343, 0.34932198,
       0.34845205, 0.3583422 , 0.40189022, 0.33337759, 0.39962941,
       0.34745447, 0.34848441, 0.31708303, 0.34725244, 0.35531733,
       0.34664727, 0.3465265 , 0.37138359, 0.35898825, 0.34847268,
       0.37532117, 0.35246936, 0.34349478, 0.35452277, 0.33824448,
       0.65150412, 0.44733571, 0.34926761, 0.36325799, 0.34707304,
       0.33697156, 0.37280176, 0.33927662, 0.34794497, 0.33758994,
       0.3484654 , 0.35298723, 0.36029302, 0.36076253, 0.3275507 ]), array([0.36498576, 0.45642287, 0.3454957 , 0.35929707, 0.35202982,
       0.35381611, 0.34181055, 0.36673018, 0.41284939, 0.33381086,
       0.34315808, 0.3288177 , 0.34860055, 0.34861343, 0.34932198,
       0.34845205, 0.3583422 , 0.40189022, 0.33337759, 0.39962941,
       0.34745447, 0.34848441, 0.31708303, 0.34725244, 0.35531733,
       0.34664727, 0.3465265 , 0.37138359, 0.35898825, 0.34847268,
       0.37532117, 0.35246936, 0.34349478, 0.35452277, 0.33824448,
       0.65150412, 0.44733571, 0.34926761, 0.36325799, 0.34707304,
       0.33697156, 0.37280176, 0.33927662, 0.34794497, 0.33758994,
       0.3484654 , 0.35298723, 0.36029302, 0.36076253, 0.3275507 ])]
B:[1.5, 'cal', [0.0, 3.0], 0.662, 0.087, array([0.62218537, 0.45708111, 0.77044832, 0.68557435, 0.67498335,
       0.68724792, 0.76038378, 0.63961035, 0.446342  , 1.02841356,
       0.73354692, 0.91375543, 0.75391645, 0.7098344 , 0.70974117,
       0.7473768 , 0.67030064, 0.51367037, 1.06439742, 0.48266573,
       0.80465175, 0.72548072, 1.20106326, 0.75199847, 0.66480355,
       0.70046471, 0.80953788, 0.60151594, 0.68737182, 0.70970649,
       0.57194337, 0.66992256, 0.78730176, 0.66049314, 0.8468024 ,
       0.19887486, 0.40029742, 0.72106602, 0.63916003, 0.72450448,
       0.87558545, 0.60031743, 0.89769846, 0.78074219, 0.96552632,
       0.74099007, 0.70510621, 0.65319255, 0.62061394, 0.95604128]), array([0.62218537, 0.45708111, 0.77044832, 0.68557435, 0.67498335,
       0.68724792, 0.76038378, 0.63961035, 0.446342  , 1.02841356,
       0.73354692, 0.91375543, 0.75391645, 0.7098344 , 0.70974117,
       0.7473768 , 0.67030064, 0.51367037, 1.06439742, 0.48266573,
       0.80465175, 0.72548072, 1.20106326, 0.75199847, 0.66480355,
       0.70046471, 0.80953788, 0.60151594, 0.68737182, 0.70970649,
       0.57194337, 0.66992256, 0.78730176, 0.66049314, 0.8468024 ,
       0.19887486, 0.40029742, 0.72106602, 0.63916003, 0.72450448,
       0.87558545, 0.60031743, 0.89769846, 0.78074219, 0.96552632,
       0.74099007, 0.70510621, 0.65319255, 0.62061394, 0.95604128])]
C:[-15, 'cal', [-30.0, -5.0], -16.625, 0.469, array([-15.5690191 , -19.0861985 , -16.59579388, -15.9977552 ,
       -15.6560387 , -16.11749472, -16.54078152, -16.56585667,
       -15.62455443, -20.5910428 , -15.9715006 , -20.56671216,
       -17.25261966, -16.61185449, -16.33717777, -16.62287913,
       -16.03978787, -16.52563422, -21.62296359, -14.72360899,
       -19.00820007, -16.13258415, -20.78114515, -16.62798972,
       -15.02807703, -16.46696326, -18.62248078, -16.36013597,
       -16.62688498, -16.28066537, -15.65381765, -14.85486459,
       -17.36574832, -14.99515936, -19.46754953, -15.901039  ,
       -16.89959697, -16.2400846 , -16.20522664, -16.44096621,
       -19.54137196, -15.27591265, -18.25817167, -18.70797582,
       -19.74468422, -16.35137702, -16.67091165, -15.73053975,
       -14.69920575, -20.24359578]), array([-15.5690191 , -19.0861985 , -16.59579388, -15.9977552 ,
       -15.6560387 , -16.11749472, -16.54078152, -16.56585667,
       -15.62455443, -20.5910428 , -15.9715006 , -20.56671216,
       -17.25261966, -16.61185449, -16.33717777, -16.62287913,
       -16.03978787, -16.52563422, -21.62296359, -14.72360899,
       -19.00820007, -16.13258415, -20.78114515, -16.62798972,
       -15.02807703, -16.46696326, -18.62248078, -16.36013597,
       -16.62688498, -16.28066537, -15.65381765, -14.85486459,
       -17.36574832, -14.99515936, -19.46754953, -15.901039  ,
       -16.89959697, -16.2400846 , -16.20522664, -16.44096621,
       -19.54137196, -15.27591265, -18.25817167, -18.70797582,
       -19.74468422, -16.35137702, -16.67091165, -15.73053975,
       -14.69920575, -20.24359578])]
D:[30, 'cal', [10.0, 100.0], 31.379, 3.793, array([29.48863971, 45.47826415, 35.93603756, 32.41709931, 29.94940388,
       31.74707267, 37.31709422, 36.66742577, 29.32540812, 53.55942529,
       31.48260466, 52.0727538 , 38.57915689, 35.02549761, 33.28380271,
       35.42549066, 32.36471103, 34.09736551, 56.82195312, 26.44121304,
       47.69007127, 33.17341923, 55.43379744, 37.90268192, 29.66344106,
       33.94535998, 43.71619185, 33.8564363 , 34.07018508, 32.80390892,
       29.51700786, 29.61598218, 39.40756592, 29.84982706, 49.02791927,
       28.758462  , 35.89099004, 32.75298224, 32.51695682, 32.92675389,
       49.07281686, 28.63627441, 39.60187494, 43.88383935, 48.82061891,
       33.99568344, 37.51662485, 30.80784525, 28.24962695, 52.04083707]), array([29.48863971, 45.47826415, 35.93603756, 32.41709931, 29.94940388,
       31.74707267, 37.31709422, 36.66742577, 29.32540812, 53.55942529,
       31.48260466, 52.0727538 , 38.57915689, 35.02549761, 33.28380271,
       35.42549066, 32.36471103, 34.09736551, 56.82195312, 26.44121304,
       47.69007127, 33.17341923, 55.43379744, 37.90268192, 29.66344106,
       33.94535998, 43.71619185, 33.8564363 , 34.07018508, 32.80390892,
       29.51700786, 29.61598218, 39.40756592, 29.84982706, 49.02791927,
       28.758462  , 35.89099004, 32.75298224, 32.51695682, 32.92675389,
       49.07281686, 28.63627441, 39.60187494, 43.88383935, 48.82061891,
       33.99568344, 37.51662485, 30.80784525, 28.24962695, 52.04083707])]
WW_fc:[0.32, 'cal', [0.29, 0.35], 0.328, 0.024, array([0.34987487, 0.29138147, 0.32059357, 0.33469794, 0.34960293,
       0.34467213, 0.30726368, 0.30446878, 0.34428132, 0.29060279,
       0.34750659, 0.29290897, 0.31320381, 0.32607483, 0.33478655,
       0.324038  , 0.33501541, 0.32248547, 0.29006254, 0.34981592,
       0.29000392, 0.33167882, 0.2931378 , 0.30476596, 0.32966754,
       0.33331142, 0.30697765, 0.32470904, 0.33530887, 0.3398033 ,
       0.34898215, 0.32552055, 0.31202313, 0.32687936, 0.29066567,
       0.34260026, 0.31036091, 0.33828942, 0.33582337, 0.34147215,
       0.29065285, 0.34991568, 0.32990346, 0.30436737, 0.30082636,
       0.33114798, 0.30660257, 0.34161727, 0.33473492, 0.29001305]), array([0.34987487, 0.29138147, 0.32059357, 0.33469794, 0.34960293,
       0.34467213, 0.30726368, 0.30446878, 0.34428132, 0.29060279,
       0.34750659, 0.29290897, 0.31320381, 0.32607483, 0.33478655,
       0.324038  , 0.33501541, 0.32248547, 0.29006254, 0.34981592,
       0.29000392, 0.33167882, 0.2931378 , 0.30476596, 0.32966754,
       0.33331142, 0.30697765, 0.32470904, 0.33530887, 0.3398033 ,
       0.34898215, 0.32552055, 0.31202313, 0.32687936, 0.29066567,
       0.34260026, 0.31036091, 0.33828942, 0.33582337, 0.34147215,
       0.29065285, 0.34991568, 0.32990346, 0.30436737, 0.30082636,
       0.33114798, 0.30660257, 0.34161727, 0.33473492, 0.29001305])]
WW_w:[0.09, 'cal', [0.06, 0.12], 0.118, 0.002, array([0.10978521, 0.11991365, 0.10935369, 0.10914701, 0.11138734,
       0.11630126, 0.10524453, 0.10424012, 0.10931719, 0.11992941,
       0.11864206, 0.11997553, 0.11594745, 0.11892861, 0.1161328 ,
       0.10994189, 0.11223123, 0.11918386, 0.11853007, 0.09152647,
       0.11950554, 0.1094418 , 0.1185795 , 0.10705015, 0.10057282,
       0.11695144, 0.11998809, 0.11766289, 0.11906548, 0.1175656 ,
       0.11046233, 0.09977306, 0.11992146, 0.10042133, 0.11905881,
       0.11911935, 0.11913034, 0.11165465, 0.11975567, 0.11642741,
       0.112807  , 0.1052102 , 0.11998866, 0.11960966, 0.11996186,
       0.11291657, 0.11282027, 0.10883457, 0.09351688, 0.11947683]), array([0.10978521, 0.11991365, 0.10935369, 0.10914701, 0.11138734,
       0.11630126, 0.10524453, 0.10424012, 0.10931719, 0.11992941,
       0.11864206, 0.11997553, 0.11594745, 0.11892861, 0.1161328 ,
       0.10994189, 0.11223123, 0.11918386, 0.11853007, 0.09152647,
       0.11950554, 0.1094418 , 0.1185795 , 0.10705015, 0.10057282,
       0.11695144, 0.11998809, 0.11766289, 0.11906548, 0.1175656 ,
       0.11046233, 0.09977306, 0.11992146, 0.10042133, 0.11905881,
       0.11911935, 0.11913034, 0.11165465, 0.11975567, 0.11642741,
       0.112807  , 0.1052102 , 0.11998866, 0.11960966, 0.11996186,
       0.11291657, 0.11282027, 0.10883457, 0.09351688, 0.11947683])]
rho_st:[0.4, 'cal', [0.0, 0.5], 0.117, 0.07, array([0.17873306, 0.04580275, 0.12402788, 0.14887144, 0.1798523 ,
       0.15324368, 0.13456824, 0.15913168, 0.17855648, 0.01094633,
       0.17109274, 0.01693283, 0.10810865, 0.1320477 , 0.14818883,
       0.12148315, 0.15773278, 0.18182459, 0.01281813, 0.27010998,
       0.03208443, 0.14587253, 0.01162337, 0.13385492, 0.32927742,
       0.11532386, 0.03237708, 0.18583923, 0.11587764, 0.14043689,
       0.17877014, 0.34005887, 0.1056186 , 0.33233283, 0.01811637,
       0.19731355, 0.14172141, 0.13948466, 0.1934571 , 0.13556494,
       0.04720933, 0.23296634, 0.13525728, 0.05375182, 0.01985676,
       0.13167154, 0.16421934, 0.17179324, 0.31418147, 0.01828758]), array([0.17873306, 0.04580275, 0.12402788, 0.14887144, 0.1798523 ,
       0.15324368, 0.13456824, 0.15913168, 0.17855648, 0.01094633,
       0.17109274, 0.01693283, 0.10810865, 0.1320477 , 0.14818883,
       0.12148315, 0.15773278, 0.18182459, 0.01281813, 0.27010998,
       0.03208443, 0.14587253, 0.01162337, 0.13385492, 0.32927742,
       0.11532386, 0.03237708, 0.18583923, 0.11587764, 0.14043689,
       0.17877014, 0.34005887, 0.1056186 , 0.33233283, 0.01811637,
       0.19731355, 0.14172141, 0.13948466, 0.1934571 , 0.13556494,
       0.04720933, 0.23296634, 0.13525728, 0.05375182, 0.01985676,
       0.13167154, 0.16421934, 0.17179324, 0.31418147, 0.01828758])]
Kc0:[0.5, 'cal', [0.0, 1.0], 0.24, 0.021, array([0.27049316, 0.16674273, 0.22891457, 0.26053572, 0.27141583,
       0.25323214, 0.23465171, 0.22194443, 0.27154616, 0.13502033,
       0.26571185, 0.1402942 , 0.21235939, 0.24588907, 0.24560097,
       0.22664851, 0.25335016, 0.23475986, 0.12111468, 0.29580401,
       0.17755054, 0.24676206, 0.13674391, 0.23870691, 0.25643754,
       0.24797596, 0.17722302, 0.23970919, 0.23422904, 0.2534325 ,
       0.27190399, 0.26379123, 0.21798559, 0.25869438, 0.16608346,
       0.28710303, 0.23708087, 0.24154727, 0.24089529, 0.23478376,
       0.14732359, 0.26675537, 0.14452346, 0.17192328, 0.14649797,
       0.24538488, 0.2345013 , 0.26659398, 0.29184233, 0.14575306]), array([0.27049316, 0.16674273, 0.22891457, 0.26053572, 0.27141583,
       0.25323214, 0.23465171, 0.22194443, 0.27154616, 0.13502033,
       0.26571185, 0.1402942 , 0.21235939, 0.24588907, 0.24560097,
       0.22664851, 0.25335016, 0.23475986, 0.12111468, 0.29580401,
       0.17755054, 0.24676206, 0.13674391, 0.23870691, 0.25643754,
       0.24797596, 0.17722302, 0.23970919, 0.23422904, 0.2534325 ,
       0.27190399, 0.26379123, 0.21798559, 0.25869438, 0.16608346,
       0.28710303, 0.23708087, 0.24154727, 0.24089529, 0.23478376,
       0.14732359, 0.26675537, 0.14452346, 0.17192328, 0.14649797,
       0.24538488, 0.2345013 , 0.26659398, 0.29184233, 0.14575306])]
