A:['[-]', 'cal', [0.0, 1.0], 0.188, 0.009, array([0.28053171, 0.33297448, 0.2146799 , 0.27286349, 0.18140292,
       0.32211872, 0.18328639, 0.203032  , 0.3726169 , 0.18049726,
       0.32038121, 0.27899379, 0.19579998, 0.20166164, 0.39697849,
       0.20839886, 0.18131311, 0.18357759, 0.19497582, 0.18249537])]
B:['[-]', 'cal', [0.0, 3.0], 0.185, 0.165, array([0.3253466 , 0.264575  , 0.5549666 , 0.40168574, 2.41773833,
       0.28961794, 2.4193413 , 0.68276808, 0.20782911, 1.72401283,
       0.25490649, 0.388538  , 1.8789202 , 0.72648892, 0.18503438,
       0.75379254, 1.90332073, 1.34325171, 0.81923651, 2.79753528])]
C:['[dB]', 'cal', [-30.0, -5.0], -17.71, 0.688, array([-17.40733871, -18.94041132, -17.46850904, -26.35216228,
       -16.41251305, -22.44445052, -16.31238774, -17.94743967,
       -17.47814448, -16.83631715, -17.50545186, -24.09082259,
       -16.3959446 , -17.42420648, -17.53889011, -25.70485454,
       -16.70518803, -17.0145937 , -17.31510196, -16.11173423])]
D:['[dB m3/m3]', 'cal', [10.0, 100.0], 25.897, 4.738, array([25.03641663, 19.13131442, 23.24824639, 49.49606825, 31.85404922,
       31.27490991, 31.09504128, 31.55820965, 24.35149143, 32.6613462 ,
       25.79430581, 41.70557003, 28.86834657, 24.68112853, 23.10344965,
       55.2758863 , 27.65354853, 29.48773966, 27.67766109, 35.07992263])]
W_max:['[mm]', 'cal', [1.0, 2.0], 1.007, 0.023, array([1.00870587, 1.00354528, 1.0092062 , 1.53817892, 1.00084054,
       1.0909054 , 1.00003426, 1.00043063, 1.10090221, 1.00638762,
       1.00273126, 1.21174435, 1.01760905, 1.00414857, 1.03776019,
       1.28032112, 1.00517764, 1.00206679, 1.01219877, 1.00315741])]
WW_fc:['[m3/m3]', 'cal', [0.3, 0.5], 0.364, 0.039, array([0.37230255, 0.48919709, 0.42390618, 0.33108167, 0.3921878 ,
       0.39644801, 0.39953298, 0.31463438, 0.37363543, 0.35184269,
       0.35657789, 0.34087155, 0.40672676, 0.41201061, 0.39146828,
       0.30020085, 0.42324798, 0.36868425, 0.3616395 , 0.37132312])]
WW_w:['[m3/m3]', 'cal', [0.1, 0.2], 0.129, 0.019, array([0.12956619, 0.12309506, 0.15038059, 0.10459832, 0.16407436,
       0.11612471, 0.14913336, 0.14533561, 0.107196  , 0.12895102,
       0.11366122, 0.12517051, 0.17377895, 0.14364568, 0.13277747,
       0.13997665, 0.15407586, 0.13441415, 0.12850082, 0.13561504])]
rho_st:['[mm/h]', 'fix', ['/', '/'], 0.5, '/']
Kc0:['[-]', 'cal', [0.0, 1.0], 0.812, 0.028, array([0.9130305 , 0.32222157, 0.90649402, 0.18376006, 0.80651578,
       0.18379896, 0.84379121, 0.5387197 , 0.89965073, 0.8465179 ,
       0.90095458, 0.17367542, 0.9057509 , 0.80564266, 0.89404343,
       0.17488617, 0.83529929, 0.84219337, 0.81975325, 0.84104667])]
