A:[0.3, 'cal', [0.01, 1.0], 0.34, 0.01, array([0.319741  , 0.37661274, 0.3430275 , 0.34084924, 0.34216572,
       0.35855606, 0.34613988, 0.36833142, 0.34744044, 0.34815419,
       0.33939308, 0.35286374, 0.3412982 , 0.41479899, 0.33879244,
       0.34558508, 0.36956862, 0.37176288, 0.35369194, 0.35645652,
       0.34475646, 0.49829401, 0.37980316, 0.35961308, 0.34751274,
       0.34943269, 0.45953839, 0.35053345, 0.35739114, 0.35342832,
       0.34919183, 0.35321063, 0.35030763, 0.37684554, 0.35027424,
       0.33111836, 0.35230915, 0.34929156, 0.35241625, 0.36746894,
       0.34426828, 0.33102673, 0.39025021, 0.33650767, 0.37417639,
       0.35220633, 0.36493089, 0.39161668, 0.35431919, 0.35060392])]
B:[1.5, 'cal', [0.1, 3.0], 0.698, 0.106, array([1.15631289, 0.6330823 , 0.79483686, 0.82192759, 0.84318359,
       0.73401431, 0.81535406, 0.67556636, 0.79203143, 0.82995863,
       0.87569392, 0.75907812, 0.79028887, 0.51603823, 0.89624639,
       0.78965455, 0.56688093, 0.65663715, 0.78538502, 0.7291319 ,
       0.83110478, 0.31840466, 0.62211106, 0.70557703, 0.67107523,
       0.69056242, 0.4336555 , 0.77089357, 0.78249419, 0.7439615 ,
       0.66523269, 0.65689264, 0.66906303, 0.61475813, 0.71306823,
       0.87813762, 0.78986118, 0.7026772 , 0.6637936 , 0.66681849,
       0.8082813 , 0.96513463, 0.57999194, 0.87624255, 0.64003933,
       0.80134473, 0.67401048, 0.53632385, 0.64938579, 0.82753406])]
C:[-15, 'cal', [-30.0, -5.0], -17.332, 1.793, array([-23.75078239, -16.79885898, -19.09904238, -18.55604043,
       -16.04698062, -16.1810613 , -16.74247977, -17.79560585,
       -19.37084104, -13.69505519, -15.28699918, -17.64919231,
       -17.90213564, -12.95057989, -12.91370271, -18.92292159,
       -17.79326685, -19.9794535 , -14.35745726, -16.70830935,
       -13.94738181, -15.71521234, -16.01572561, -17.81344873,
       -19.11663977, -16.92595757, -20.85459993, -18.63233018,
       -14.51361926, -17.10082334, -18.11093228, -17.26183784,
       -17.89502768, -15.99205642, -12.73306378, -16.79021776,
       -17.11796704, -16.14334734, -16.01956903, -15.46461622,
       -16.68783365, -15.16372077, -17.88578127, -18.92115123,
       -17.95472203, -13.4164384 , -18.20101957, -16.92042599,
       -15.36120316, -15.12922219])]
D:[30, 'cal', [10.0, 100.0], 31.038, 6.706, array([65.21416631, 30.22989774, 44.19903085, 43.59766553, 32.61209624,
       32.73548888, 33.39062267, 40.60531899, 45.55108552, 25.47609294,
       32.08930537, 36.81978595, 34.31864085, 18.42087158, 20.02660669,
       41.14256785, 34.12032164, 47.64152826, 26.48311494, 34.91297073,
       22.61651056, 24.82999486, 29.65170854, 32.1901773 , 39.01071228,
       33.2205384 , 46.68427874, 43.80720406, 28.40942252, 35.6740172 ,
       42.82078305, 36.99647654, 36.54699667, 29.22904608, 20.76068749,
       34.45259267, 33.9090028 , 36.10077606, 33.42732687, 26.43540099,
       30.88941648, 30.6309791 , 36.05484733, 45.28936334, 39.47148396,
       22.0677115 , 36.59795891, 30.45856758, 27.08350861, 28.83626248])]
W_max:[100, 'cal', [1.0, 150.0], 3.763, 1.765, array([19.79182016,  4.1758424 ,  7.44474223,  6.72751049,  5.11244031,
        4.91992633,  4.69899358,  6.0877016 ,  6.79943597,  3.54149447,
        4.22981183,  5.32724945,  5.14110441,  2.87233656,  2.70592645,
        5.72560548, 13.62598064,  7.37399542,  3.73049759,  5.14376288,
        3.17488338,  3.77140845,  4.52503292,  4.50967232, 15.34761587,
       12.73163771,  8.01301566,  6.15713681,  3.92389567,  5.08113247,
       16.97510543, 14.45339968, 14.23806246,  4.27071241,  7.96245005,
        4.95087686,  4.67813522, 13.74495006, 13.05091217,  3.66716461,
        4.46536419,  4.24887447,  5.70204184,  6.56025874,  6.14811679,
        3.10376825,  5.50793602,  4.48630904,  2.75883187,  4.00440107])]
WW_fc:[0.32, 'cal', [0.3, 0.4], 0.331, 0.034, array([0.30009002, 0.37162525, 0.31549229, 0.30964083, 0.33833553,
       0.33283913, 0.34579458, 0.30835882, 0.31272693, 0.33189392,
       0.3151235 , 0.33816912, 0.37146642, 0.39570729, 0.38961631,
       0.33467896, 0.36539837, 0.30786638, 0.34358524, 0.32765913,
       0.3885302 , 0.3883737 , 0.35703916, 0.38615562, 0.35923892,
       0.35495144, 0.31949524, 0.30654082, 0.32616373, 0.33131087,
       0.301259  , 0.3272969 , 0.34888873, 0.35733478, 0.36807242,
       0.34060002, 0.35065833, 0.30509458, 0.32588886, 0.37695027,
       0.37332504, 0.33553276, 0.3466699 , 0.30625333, 0.31798868,
       0.37162381, 0.35412145, 0.3702224 , 0.36037037, 0.34906809])]
WW_w:[0.09, 'cal', [0.01, 0.2], 0.141, 0.028, array([0.19893682, 0.14525853, 0.15816872, 0.15251214, 0.12487245,
       0.12098112, 0.13175029, 0.14449741, 0.16042206, 0.04805134,
       0.08593442, 0.1518262 , 0.172279  , 0.02819462, 0.04074381,
       0.16806054, 0.17785098, 0.16754401, 0.06776872, 0.1304562 ,
       0.06678283, 0.14371527, 0.12869409, 0.17185963, 0.19941643,
       0.15973571, 0.18680818, 0.14849008, 0.07449642, 0.13686632,
       0.14954739, 0.15213142, 0.17245704, 0.13027547, 0.05234863,
       0.13534961, 0.14535911, 0.12234895, 0.13246101, 0.1153981 ,
       0.14681946, 0.09558305, 0.16678773, 0.14912028, 0.14768063,
       0.0448749 , 0.17343403, 0.15320648, 0.11884941, 0.10153572])]
rho_st:[0.02, 'cal', [0.0, 0.4], 0.079, 0.026, array([0.00713914, 0.09710383, 0.0526479 , 0.06752836, 0.11787654,
       0.08940558, 0.06252405, 0.09536831, 0.04010403, 0.13212884,
       0.08851964, 0.08630699, 0.08614114, 0.09270793, 0.21871378,
       0.07080215, 0.09004578, 0.05170828, 0.04037279, 0.10492366,
       0.05606686, 0.1404805 , 0.09339   , 0.04994155, 0.08581678,
       0.12337363, 0.07068479, 0.07073713, 0.11684352, 0.07169766,
       0.10388865, 0.10144106, 0.10751952, 0.13477951, 0.18533067,
       0.10196927, 0.07423412, 0.11441563, 0.13680861, 0.10347567,
       0.07609943, 0.12503492, 0.10114477, 0.05853966, 0.08505094,
       0.08084175, 0.07063775, 0.10388972, 0.17729342, 0.09839099])]
Kc0:[0.04, 'cal', [0.0, 1.0], 0.154, 0.019, array([0.45490268, 0.15298894, 0.19655679, 0.18477218, 0.18541784,
       0.17495771, 0.16278751, 0.18539655, 0.18548128, 0.14896503,
       0.14675833, 0.17101722, 0.18369303, 0.17819513, 0.14681203,
       0.17195189, 0.47452889, 0.18915722, 0.16350838, 0.17054039,
       0.16398235, 0.18170579, 0.17788667, 0.16495171, 0.47014494,
       0.43611218, 0.21143352, 0.16932925, 0.15115598, 0.16975612,
       0.4448463 , 0.46886523, 0.45560442, 0.16962951, 0.42801822,
       0.16899763, 0.16484071, 0.43427534, 0.47139647, 0.15562746,
       0.17066148, 0.15594853, 0.1972189 , 0.17208365, 0.18463518,
       0.16028731, 0.18150678, 0.16894531, 0.12469547, 0.15911387])]
