A:[0.3, 'cal', [0.01, 1.0], 0.315, 0.011, array([0.43915541, 0.60000063, 0.3325617 , 0.33745868, 0.3242413 ,
       0.327674  , 0.4152546 , 0.32465342, 0.32217959, 0.31220828,
       0.30555386, 0.35393976, 0.35404589, 0.33163984, 0.32140292,
       0.32039688, 0.30638594, 0.32607081, 0.33417328, 0.32310121,
       0.34416668, 0.3222341 , 0.32388771, 0.32238599, 0.33634661,
       0.3213634 , 0.3347537 ])]
B:[1.5, 'cal', [0.1, 3.0], 1.001, 0.193, array([0.44419936, 0.22033926, 1.03561548, 0.94272517, 1.11831437,
       2.15312317, 0.42739622, 1.15101252, 1.32145883, 1.10999881,
       1.50511932, 0.69376996, 0.72229834, 0.93558859, 1.24598459,
       1.19061199, 2.32837096, 1.13706812, 0.92345873, 1.13933606,
       0.74825212, 1.23043353, 1.84200366, 1.96465141, 0.85698516,
       1.3233975 , 1.1899675 ])]
C:[-15, 'cal', [-30.0, -5.0], -16.871, 0.338, array([-16.28348338, -17.15561899, -16.80058214, -16.60250236,
       -16.84594143, -16.37559072, -16.71096569, -16.70407727,
       -16.93218907, -16.74391116, -18.00632288, -17.07399789,
       -16.79090054, -16.75085744, -16.78455877, -16.93454126,
       -19.50685726, -16.39192693, -16.42416536, -17.03597942,
       -16.85957134, -17.31513233, -17.05301514, -16.70645723,
       -16.58124724, -16.45938003, -16.53257402])]
D:[30, 'cal', [10.0, 100.0], 38.543, 2.724, array([34.37187288, 35.18503244, 39.33896312, 38.64605621, 40.24341802,
       44.26651532, 35.42175387, 39.78679248, 41.60814368, 40.42848534,
       46.94133859, 38.32769499, 36.9134579 , 38.25133913, 40.75254561,
       40.7381333 , 53.78975212, 39.53778906, 38.39627339, 40.48285016,
       37.86221172, 42.34428966, 44.89897236, 43.91480984, 36.95200851,
       40.05335881, 39.59593464])]
W_max:[100, 'cal', [1.0, 100.0], 64.291, 3.321, array([56.10064161, 64.92708759, 67.00143983, 67.34103435, 62.13960094,
       71.96710425, 35.47356244, 64.73317481, 74.3685292 , 35.51696892,
       22.63549222, 59.42976697, 62.67680997, 66.16175489, 69.17026102,
       67.45102433, 25.85362987, 55.68297888, 35.72193559, 66.52375854,
       65.59253647, 53.50208012, 69.95661929, 72.3614298 , 68.64890562,
       64.30746434, 66.76515012])]
WW_fc:[0.32, 'cal', [0.29, 0.35], 0.305, 0.002, array([0.30666763, 0.30557217, 0.30615123, 0.30618882, 0.30475751,
       0.30802204, 0.29956531, 0.30852145, 0.30689238, 0.2966651 ,
       0.2901124 , 0.3038297 , 0.30836322, 0.30752713, 0.30562314,
       0.30493473, 0.2909326 , 0.30410691, 0.29607597, 0.30615141,
       0.30786084, 0.29965377, 0.3035683 , 0.30754555, 0.31265457,
       0.30767826, 0.30674561])]
WW_w:[0.09, 'cal', [0.06, 0.12], 0.119, 0.0, array([0.11999084, 0.11968196, 0.11998784, 0.11993525, 0.11981041,
       0.11961069, 0.11995442, 0.1196573 , 0.11997964, 0.11930734,
       0.11885133, 0.11953809, 0.11999105, 0.11989975, 0.11999561,
       0.11998166, 0.11422254, 0.11999033, 0.11952367, 0.11973163,
       0.11987913, 0.11970505, 0.11995158, 0.11996842, 0.11999829,
       0.11998979, 0.11988962])]
rho_st:[0.4, 'cal', [0.3, 0.5], 0.3, 0.002, array([0.30001613, 0.30440486, 0.30253313, 0.30032838, 0.30206618,
       0.30223254, 0.30272268, 0.30072756, 0.32420002, 0.30012572,
       0.30021967, 0.30004742, 0.30168196, 0.30525407, 0.3064369 ,
       0.30461014, 0.30033888, 0.3002438 , 0.30008846, 0.30587762,
       0.3001681 , 0.30270339, 0.30512358, 0.30598361, 0.30133791,
       0.30013866, 0.30164215])]
Kc0:[0.5, 'cal', [0.1, 1.5], 1.065, 0.078, array([1.04979211, 1.09155598, 1.09722373, 1.18071514, 1.04089433,
       1.19891649, 0.58381664, 1.16285667, 1.15148924, 0.56013978,
       0.29291694, 0.98842069, 1.05066947, 1.10247843, 1.11173794,
       1.11102668, 0.26922577, 0.99742083, 0.56521662, 1.10312105,
       1.17880901, 0.80956447, 1.06282427, 1.16279574, 1.27947501,
       1.15485337, 1.09667605])]
