A:[0.3, 'cal', [0.01, 1.0], 0.325, 0.04, array([0.47884892, 0.34549525, 0.35391189, 0.35113622, 0.35247389,
       0.32431847, 0.43185016, 0.37999047, 0.36346514, 0.3778588 ,
       0.35391923, 0.38714034, 0.33709517, 0.8034225 , 0.34356773,
       0.42300455, 0.41808794, 0.34618101, 0.37207397, 0.3803395 ,
       0.36220891, 0.43286129, 0.35757224, 0.3439908 , 0.34306213,
       0.3599499 , 0.33216491, 0.34924104, 0.40101995, 0.35796289,
       0.33703788, 0.36067467, 0.32105115, 0.44715429, 0.36808924,
       0.34570466, 0.3428445 , 0.4606087 , 0.37534311, 0.33409324,
       0.55436728, 0.468446  , 0.33791621, 0.33221062, 0.34941809,
       0.36607614, 0.35179489, 0.35551348, 0.36993815, 0.38768352,
       0.38161164, 0.35970049, 0.35239272, 0.34397969, 0.36136788,
       0.36000389, 0.35405963, 0.35635589, 0.64947127, 0.30771597,
       0.47840905, 0.38336936, 0.58789068, 0.36500102, 0.35497981,
       0.33916164, 0.3495912 , 0.38712708, 0.37084219, 0.36138568,
       0.34635558, 0.34502249, 0.33643117, 0.34652882, 0.39812595,
       0.34778778, 0.33890467, 0.35666836, 0.35317666, 0.36991536,
       0.34009846, 0.39301003, 0.41458613, 0.35865165, 0.42345475,
       0.485599  , 0.36216856, 0.33588133, 0.37197191, 0.35904828,
       0.36323981, 0.41692568, 0.34041925, 0.36536969, 0.35806711,
       0.70241827, 0.35694385, 0.35439213, 0.34752382, 0.35258626])]
B:[1.5, 'cal', [0.1, 3.0], 0.604, 0.107, array([0.32602376, 0.70678235, 0.65061228, 0.6586014 , 0.57579308,
       0.81074995, 0.38677551, 0.57532315, 0.57007599, 0.57157851,
       0.64582655, 0.50684282, 0.83989923, 0.14420527, 0.75501394,
       0.41763958, 0.41110508, 0.7159227 , 0.5583793 , 0.53202343,
       0.62304364, 0.379061  , 0.62892377, 0.68238451, 0.70317939,
       0.65000619, 0.82092135, 0.64956124, 0.45537062, 0.62398347,
       0.77948092, 0.56585074, 0.94640142, 0.37411944, 0.63966124,
       0.73177756, 0.81212819, 0.34874922, 0.54029302, 0.80246649,
       0.24448953, 0.3318774 , 0.71255591, 0.75654166, 0.60498474,
       0.59413713, 0.67642793, 0.6710667 , 0.57799513, 0.52500711,
       0.52247005, 0.61059764, 0.68421506, 0.71822754, 0.61588708,
       0.64326162, 0.6913093 , 0.62353177, 0.19903224, 0.93055343,
       0.32902233, 0.55031158, 0.22646637, 0.59457969, 0.6511371 ,
       0.72491864, 0.67113383, 0.52894207, 0.51718276, 0.61687092,
       0.70435446, 0.73833266, 0.7832019 , 0.68748717, 0.47345881,
       0.68347373, 0.76924622, 0.6600675 , 0.65499013, 0.56973827,
       0.71306994, 0.49155114, 0.42620536, 0.6355944 , 0.43058334,
       0.30141083, 0.59200443, 0.89674546, 0.65547095, 0.66968125,
       0.60512219, 0.45430758, 0.76525015, 0.60147247, 0.66463459,
       0.16965366, 0.63941274, 0.6300261 , 0.70680849, 0.66411844])]
C:[-15, 'cal', [-30.0, -5.0], -14.276, 0.6, array([-13.64005937, -14.92654842, -15.48854839, -15.41610094,
       -14.59624545, -13.36411765, -14.1404187 , -13.67231746,
       -13.82459178, -13.94863713, -15.03534137, -13.83660883,
       -12.64337066, -14.56446123, -14.25653101, -14.16524331,
       -15.19770641, -13.97204072, -14.00508753, -14.37457565,
       -13.8661612 , -15.02088469, -13.42893167, -13.75366189,
       -14.23494428, -13.19190711, -14.05446827, -14.17281219,
       -14.6769433 , -15.01390494, -14.49244266, -14.73860386,
       -13.13099746, -14.55047795, -13.29571369, -13.46672059,
       -13.68071525, -14.52064037, -14.29168702, -13.95542566,
       -14.06125094, -13.56971054, -13.87360245, -14.6290611 ,
       -13.83390783, -13.90074351, -14.98238366, -14.88079456,
       -13.90076953, -14.15055784, -14.53263139, -14.31903588,
       -13.03616559, -14.5908804 , -14.05476719, -13.93341713,
       -13.15812922, -15.53082795, -14.46272865, -14.25841804,
       -13.93089287, -13.13785823, -13.73617576, -13.73647684,
       -14.39590471, -13.91892229, -14.72753361, -13.65754207,
       -13.46840306, -14.57022913, -14.69483432, -14.24324889,
       -14.15655336, -14.16366659, -14.60438077, -14.12570739,
       -14.63249843, -13.74587287, -14.10334786, -14.60218886,
       -14.58809535, -13.23567463, -15.06167002, -13.38900342,
       -13.42814027, -14.84387699, -14.16221571, -13.58759504,
       -12.9369145 , -14.23498549, -14.10185098, -14.07529853,
       -14.32434609, -13.77861852, -13.40355781, -14.3555252 ,
       -14.34318582, -14.49581724, -15.06702109, -13.75930475])]
D:[30, 'cal', [10.0, 100.0], 27.462, 2.601, array([26.44941655, 31.38490673, 35.8965815 , 33.44278103, 29.28079739,
       28.67617407, 25.85444278, 27.01597456, 28.23791622, 26.52836347,
       33.59049128, 25.97362367, 25.0061045 , 27.29323342, 30.22125443,
       26.74730527, 30.16336431, 28.85452814, 26.15382095, 26.35015173,
       28.07788208, 32.24821557, 26.77477246, 28.99752142, 26.87757035,
       24.19149542, 31.47064812, 29.86183413, 29.02109632, 32.6898823 ,
       31.48292997, 29.43158398, 27.60160903, 28.82693982, 25.96142523,
       27.57602669, 28.64282722, 27.05631138, 27.27760856, 26.94231212,
       23.63658311, 22.43830085, 27.17330839, 29.5272108 , 27.49088126,
       27.65441992, 32.82683132, 30.8055671 , 27.93382371, 25.72927638,
       30.3620593 , 29.33627282, 26.45779645, 30.32407757, 29.33867873,
       29.46265757, 25.11146887, 34.61422401, 29.24785329, 30.31959505,
       25.24088364, 24.92407588, 24.95102069, 26.51344289, 28.53541752,
       29.2519845 , 31.36535549, 25.44516969, 26.99235583, 29.36990828,
       29.88579599, 29.31032677, 27.4182628 , 28.3387293 , 26.75678491,
       31.10130419, 33.24399287, 26.16028731, 29.15944005, 29.62260006,
       31.80289621, 25.83385984, 29.30234149, 25.69048932, 24.30005405,
       27.64796739, 27.44572916, 29.99676717, 24.048278  , 30.44506969,
       28.747079  , 26.3338548 , 30.78939442, 25.23254111, 26.64495657,
       28.33227197, 29.69539055, 29.7461726 , 32.03914687, 26.66886577])]
W_max:[100, 'cal', [1.0, 30.0], 5.575, 0.348, array([ 5.91800743, 13.87723495,  8.115887  , 14.1588837 ,  6.20301774,
        6.25510491, 10.78731013,  6.08391838,  6.12144507,  6.13220369,
       14.49024507, 10.57568243,  5.21191645,  6.4169727 ,  6.42987974,
       11.09642919, 13.43617699,  6.10487795, 10.58465058, 10.74316346,
       11.1940525 , 13.27533487,  5.69079272,  6.28661617,  5.77523153,
        5.15986802,  6.43569776, 12.09803056,  6.36695763, 14.03505724,
        6.53269886,  6.84728707,  5.61081788,  6.50092774,  5.54964452,
        5.88388706,  6.22390289,  6.0866466 , 11.20137585,  5.59329953,
        5.45333754,  5.03144132, 11.83377656,  6.29725872,  6.03864198,
       11.0369382 , 12.74781393, 12.5566035 , 11.22438365,  6.06976799,
       12.3252522 , 12.23464115,  5.56717245,  6.93186584,  6.59164973,
        6.65992931,  5.80828463, 15.29847713,  6.8138768 ,  6.29348937,
        5.77963329,  5.39157998, 10.22068548, 10.46235453, 11.37679785,
        6.0987704 , 12.78822853,  5.60442646,  6.1801144 ,  6.19454199,
       12.39278805,  6.2957038 ,  5.97160349,  6.2772167 ,  5.87613377,
       12.37993242, 14.16709001,  5.6978493 , 11.64400089, 12.18617363,
        6.74133298,  5.58434482, 12.42639358,  5.45288811,  5.36334783,
        6.27459156, 11.10462445,  6.23552078,  5.35934094,  6.36119852,
       11.48418113,  5.99713428,  6.46269454,  5.53955684, 10.21979397,
       12.36203807,  6.3621941 ,  6.40403661, 13.36873746,  5.88843188])]
WW_fc:[0.32, 'cal', [0.29, 0.35], 0.31, 0.015, array([0.2959133 , 0.31473037, 0.29136185, 0.31026298, 0.31889882,
       0.29757334, 0.32976971, 0.31107696, 0.30104574, 0.32598071,
       0.29331109, 0.32272782, 0.31866609, 0.30900078, 0.30820425,
       0.32039202, 0.31872238, 0.31247325, 0.3327883 , 0.34174855,
       0.30818366, 0.292451  , 0.30799626, 0.297044  , 0.34215893,
       0.33399611, 0.29517583, 0.30183363, 0.31510803, 0.29796754,
       0.30206747, 0.31873948, 0.30947994, 0.30534132, 0.31558802,
       0.30794746, 0.3108385 , 0.32547951, 0.32777737, 0.33714314,
       0.34219641, 0.34538806, 0.3182269 , 0.32481959, 0.31085984,
       0.31360348, 0.29270546, 0.31451088, 0.31026923, 0.34461067,
       0.3024817 , 0.3082117 , 0.30586074, 0.31412523, 0.30021998,
       0.30119948, 0.32017444, 0.30067454, 0.29106391, 0.31508492,
       0.3231025 , 0.31215414, 0.31165824, 0.31878024, 0.32217205,
       0.30512581, 0.30522323, 0.32551432, 0.29851506, 0.32134542,
       0.31903937, 0.31610759, 0.33735152, 0.31759903, 0.34142099,
       0.29257094, 0.29044518, 0.33035538, 0.30915126, 0.3179252 ,
       0.30050017, 0.3022279 , 0.32419788, 0.32108466, 0.32478007,
       0.32482612, 0.3256741 , 0.30083371, 0.32594338, 0.30385966,
       0.30966738, 0.32293643, 0.30768896, 0.33841509, 0.3088417 ,
       0.29372937, 0.30944652, 0.31335204, 0.313004  , 0.32391492])]
WW_w:[0.09, 'cal', [0.06, 0.12], 0.09, 0.016, array([0.07122882, 0.10768708, 0.11598906, 0.11838246, 0.10745666,
       0.07212751, 0.09230095, 0.08178907, 0.07953777, 0.09014498,
       0.10253832, 0.08094692, 0.06080257, 0.09884232, 0.09674568,
       0.08922601, 0.11463193, 0.09174798, 0.09101757, 0.10293844,
       0.0802951 , 0.1022123 , 0.07277547, 0.07795507, 0.10580078,
       0.07215888, 0.08869395, 0.08642095, 0.10591803, 0.10287211,
       0.09666097, 0.10756174, 0.07165869, 0.0967771 , 0.07257193,
       0.07495989, 0.08560164, 0.1045054 , 0.09681812, 0.09844548,
       0.09387252, 0.08065131, 0.08746518, 0.10724686, 0.08213128,
       0.08358846, 0.09975233, 0.10647496, 0.08268456, 0.10498461,
       0.09497239, 0.09008614, 0.06593228, 0.10420286, 0.08609605,
       0.08408477, 0.06559249, 0.11682017, 0.092347  , 0.09920459,
       0.0880148 , 0.06096592, 0.07326616, 0.07896702, 0.09751388,
       0.08728296, 0.09990938, 0.08285642, 0.0737614 , 0.10807332,
       0.1022983 , 0.09777269, 0.10128925, 0.09447554, 0.11392693,
       0.08379177, 0.09421797, 0.08990901, 0.08766707, 0.10548421,
       0.09980674, 0.06389633, 0.11450388, 0.0762275 , 0.07493745,
       0.11134007, 0.09416762, 0.07967698, 0.06145776, 0.09572805,
       0.08743377, 0.09391599, 0.09928723, 0.09087638, 0.06617689,
       0.0866912 , 0.09801712, 0.10140476, 0.10979142, 0.08635747])]
rho_st:[0.4, 'cal', [0.3, 0.5], 0.3, 0.005, array([0.30026349, 0.30008714, 0.30049617, 0.30000092, 0.30001934,
       0.30322856, 0.3000886 , 0.30025518, 0.30006005, 0.30008914,
       0.30196682, 0.30462482, 0.32027264, 0.30285915, 0.30076321,
       0.30005418, 0.30023467, 0.30221066, 0.30005041, 0.30000258,
       0.30034356, 0.30013583, 0.30122745, 0.30249979, 0.30097909,
       0.30015867, 0.30690265, 0.30000788, 0.30046712, 0.30318055,
       0.3005355 , 0.30099487, 0.30311822, 0.30292009, 0.30096531,
       0.30294129, 0.30205144, 0.30056142, 0.30021961, 0.30083403,
       0.30016558, 0.30113287, 0.41941442, 0.30000554, 0.30026454,
       0.30041813, 0.33933382, 0.30007715, 0.30034959, 0.30004427,
       0.30009197, 0.300003  , 0.30564494, 0.3001991 , 0.30031392,
       0.3015912 , 0.3000094 , 0.30047554, 0.30026405, 0.30011379,
       0.3006319 , 0.30107078, 0.30052863, 0.30155122, 0.30167722,
       0.3042274 , 0.30000027, 0.31436851, 0.33200491, 0.30003088,
       0.3007023 , 0.30119161, 0.30046591, 0.30093121, 0.30053915,
       0.30034546, 0.30497223, 0.30011438, 0.30048319, 0.30011409,
       0.30006   , 0.30007634, 0.30064643, 0.30214344, 0.30160897,
       0.30041289, 0.30011401, 0.30219335, 0.30010908, 0.30000275,
       0.30001356, 0.30734976, 0.30009332, 0.30225995, 0.30000284,
       0.31571147, 0.30403265, 0.30009549, 0.30067104, 0.30079791])]
Kc0:[0.5, 'cal', [0.3, 0.6], 0.3, 0.008, array([0.30208557, 0.48530103, 0.31861126, 0.5024774 , 0.30732021,
       0.30005834, 0.47938086, 0.30248577, 0.3003705 , 0.30340412,
       0.47380687, 0.45804854, 0.30000822, 0.3008967 , 0.3002673 ,
       0.47422181, 0.49733508, 0.30129868, 0.47235331, 0.4630388 ,
       0.45827979, 0.49771728, 0.30000014, 0.30002721, 0.30007134,
       0.30028763, 0.30067515, 0.47622385, 0.30010815, 0.4544985 ,
       0.30000367, 0.34022647, 0.30000385, 0.30011795, 0.30017493,
       0.30026939, 0.30296484, 0.3006592 , 0.47826123, 0.30032288,
       0.30006626, 0.30119438, 0.41257837, 0.30505743, 0.30024725,
       0.46588596, 0.35603446, 0.43235244, 0.46784541, 0.31248205,
       0.48506506, 0.4585731 , 0.30023582, 0.3013599 , 0.30044003,
       0.30005176, 0.30146273, 0.52684038, 0.30123252, 0.30015135,
       0.30032796, 0.30028572, 0.46384837, 0.4500315 , 0.43620962,
       0.30001188, 0.45640492, 0.30043075, 0.35537333, 0.30625851,
       0.46040396, 0.30001899, 0.3004235 , 0.30000197, 0.30324721,
       0.47998784, 0.45202036, 0.30006294, 0.47760179, 0.50574227,
       0.30211806, 0.30002959, 0.46757455, 0.30335856, 0.30190209,
       0.3060721 , 0.48423514, 0.301414  , 0.30206402, 0.3013024 ,
       0.47672554, 0.3000029 , 0.30153393, 0.30005469, 0.42756833,
       0.50403906, 0.30004594, 0.30007502, 0.45300781, 0.3036716 ])]
