A:[0.3, 'cal', [0.01, 1.0], 0.173, 0.022, array([0.21568639, 0.18893695, 0.17827409, 0.35277961, 0.24830982,
       0.18059618, 0.18195751, 0.18524552, 0.19596378, 0.17595367,
       0.21068708, 0.1872088 , 0.20422068, 0.19473787, 0.19615856,
       0.191168  , 0.20724239, 0.20371941, 0.18192798, 0.19771239,
       0.21213608, 0.18794305, 0.53276005, 0.4679094 , 0.42021355,
       0.18161136, 0.20573855, 0.31924693, 0.19191244, 0.19984932,
       0.20080873, 0.18449805, 0.21227819, 0.33602697, 0.31375935,
       0.20712664, 0.22600312, 0.26979224, 0.27038402, 0.18058161,
       0.19047539, 0.17592047, 0.18457638, 0.21935826, 0.20503704,
       0.18813802, 0.17271502, 0.22898381, 0.22005238, 0.21167083,
       0.17956521, 0.17760652, 0.18109792, 0.19965353, 0.61179445,
       0.1787017 , 0.42532573, 0.18943659, 0.19888088, 0.34098993,
       0.19420073, 0.24386535, 0.24248909, 0.35718547, 0.19379441,
       0.19105432, 0.22676176, 0.20461802, 0.19919221, 0.19231022,
       0.19707101, 0.19615219, 0.19813985, 0.17871617, 0.46993547,
       0.24102738, 0.28082321, 0.18637255, 0.28373502, 0.42720006,
       0.18741183, 0.20484852, 0.19392673, 0.18931507, 0.28063788,
       0.21590353, 0.3313089 , 0.18288286, 0.17733352, 0.21114587,
       0.26230886, 0.18771106, 0.19304169, 0.3505181 , 0.1978402 ,
       0.20537566, 0.1791733 , 0.38691452, 0.2082703 , 0.58196484])]
B:[1.5, 'cal', [0.1, 3.0], 0.404, 0.371, array([0.45104425, 0.98091583, 1.4611018 , 0.20865829, 0.38465415,
       1.1371025 , 1.97618764, 0.79559505, 0.78182461, 1.99304939,
       0.62796822, 0.87846576, 0.55185204, 0.84149031, 0.62371364,
       1.01871289, 0.66641534, 0.67636876, 1.09018772, 0.7039046 ,
       0.46597364, 0.91724379, 0.16582453, 0.13410802, 0.16641885,
       1.42406252, 0.62506868, 0.24872213, 0.68990608, 0.74856035,
       0.6401824 , 0.69797402, 0.56630913, 0.23113825, 0.25522098,
       0.53184661, 0.48701412, 0.45101546, 0.33392899, 1.52909387,
       0.62207494, 1.50818426, 1.07277815, 0.41361984, 0.53125925,
       0.6526347 , 2.01210052, 0.46790467, 0.51668975, 0.62963057,
       0.68497655, 1.06448198, 1.0729426 , 0.69067232, 0.12801129,
       2.75261656, 0.20582512, 0.7884807 , 0.67902603, 0.22568214,
       0.72259095, 0.40243687, 0.36174024, 0.18921325, 0.84675529,
       0.92721975, 0.48651257, 0.56188454, 0.75025677, 0.69703087,
       0.72242465, 0.75068603, 0.63538721, 2.20730869, 0.13651389,
       0.42277471, 0.31834873, 2.21076315, 0.27296917, 0.22133408,
       0.86873933, 0.50082995, 0.67781223, 0.96024745, 0.31277545,
       0.46833012, 0.3076484 , 1.22497195, 1.3468016 , 0.59158018,
       0.34267314, 1.3551005 , 0.86149526, 0.21632688, 0.75143835,
       0.55140103, 2.52334572, 0.18816085, 0.61338624, 0.10482823])]
C:[-15, 'cal', [-30.0, -5.0], -17.919, 1.145, array([-18.91163284, -17.73505607, -15.00914481, -16.63365573,
       -16.62684387, -17.76131106, -18.81011546, -17.5169509 ,
       -15.25257594, -17.15469824, -17.17954792, -19.24243951,
       -17.81538928, -18.40031687, -17.1217957 , -18.85328398,
       -17.51656445, -17.22414665, -18.1393078 , -17.51224949,
       -17.90907446, -16.65438579, -25.53141183, -16.33774436,
       -17.4421712 , -15.87662374, -17.76302956, -18.67974948,
       -16.28774746, -18.11254471, -17.38092456, -17.83214287,
       -17.20059863, -15.83023116, -16.76782793, -16.92744725,
       -16.55381337, -25.46986045, -17.47808508, -14.96390219,
       -15.84461415, -16.93906017, -16.75044386, -19.27251783,
       -16.85087287, -16.4658646 , -15.58264253, -17.15045612,
       -17.62516722, -15.92738121, -17.91397102, -19.61399293,
       -17.39240112, -17.46795405, -20.52491453, -19.00670403,
       -21.97563893, -18.9945024 , -18.64197058, -16.69426707,
       -17.8242461 , -17.79931575, -17.35355497, -18.44398973,
       -19.4283855 , -17.66869339, -17.63630588, -18.83786592,
       -17.35755012, -20.19481057, -18.27702571, -15.91597709,
       -17.94566755, -13.97601493, -18.37002282, -16.70080986,
       -16.32714866, -18.15890123, -17.59125636, -25.702356  ,
       -18.21990268, -15.975343  , -16.35744792, -17.79972902,
       -17.43340339, -18.12135026, -24.61678792, -16.71833889,
       -16.03545378, -15.91404467, -16.13314115, -19.25905689,
       -16.57785684, -16.65831876, -17.47682972, -16.80674639,
       -17.20891677, -16.47219103, -16.36952192, -17.17104379])]
D:[30, 'cal', [10.0, 100.0], 23.63, 5.148, array([26.47190096, 34.77392551, 19.73349707, 18.76866461, 22.62601521,
       32.62353092, 44.84977312, 29.934262  , 24.07899565, 29.74209332,
       28.50180913, 36.94055094, 31.06690302, 31.0444454 , 26.12554723,
       39.35768341, 26.02645177, 25.88146757, 35.49776451, 20.32988503,
       26.89782197, 23.44526989, 43.58647105, 18.80894028, 25.0576038 ,
       27.52738928, 25.89661765, 27.68636562, 24.13900406, 34.11906765,
       24.27403169, 25.02311314, 22.62400589, 19.50597053, 21.3442839 ,
       28.27438679, 21.59381348, 50.23349303, 26.10625031, 24.65102455,
       23.18466669, 27.00739831, 30.83754948, 32.75635424, 26.76868995,
       21.42804497, 22.29651161, 27.90820181, 27.78243258, 20.11515115,
       26.13831956, 37.1033247 , 26.95541953, 27.73380432, 22.7534249 ,
       50.54454943, 23.92743199, 31.67262403, 34.42291402, 23.67779808,
       26.29582443, 22.13542856, 20.86748818, 27.11352871, 33.45778262,
       20.44623556, 30.03758297, 25.11750751, 26.93053391, 38.05614928,
       32.63284219, 21.41323557, 24.24820894, 22.62079364, 29.08639842,
       19.01491287, 23.30352539, 40.22851488, 21.37115026, 45.10615334,
       29.56498183, 23.81883024, 26.63694113, 26.26810246, 23.46357448,
       23.49286648, 37.88688466, 28.22727251, 27.66541826, 22.83768513,
       17.51791435, 42.1188741 , 30.09223263, 21.1178513 , 30.96304003,
       24.45981022, 34.89901812, 16.67620895, 22.97922604, 17.4199497 ])]
W_max:[100, 'cal', [1.0, 30.0], 1.009, 0.969, array([ 1.37847861,  9.08578822,  1.61322978,  8.4548636 ,  1.80007379,
        2.09371586,  4.17070523,  2.48826042,  1.93143244,  1.99289908,
        1.76465167,  2.48661406,  1.73979872,  8.9893595 ,  1.85066416,
       14.03811231,  2.80106723,  6.56008885,  9.51640225,  1.00892961,
        1.21815989,  5.4537769 , 22.28842633,  1.54843486,  8.8535564 ,
        1.17529808,  9.79200339, 13.15839067,  1.65720395, 12.11300423,
        1.70308207,  1.81844917,  1.433941  ,  7.30530222,  8.18591511,
        1.98929272,  2.76383249, 20.40472312,  3.32218606,  5.45281908,
        1.68166412,  1.43150974,  6.93826755,  2.82783982,  1.9348406 ,
        1.52276142,  1.0771463 , 10.74609784,  3.16349541,  1.49229925,
        1.97582494, 10.17125365,  1.57482176, 10.26696664, 13.45304699,
        3.74317028, 12.63488824, 10.68118039,  5.85007954,  1.86212482,
       11.33132548,  8.80938603,  1.95121867,  2.72831658, 12.28756951,
        5.99601929,  9.35224422,  2.23067829,  2.95078385, 15.45911488,
        6.90978053,  5.8816648 ,  1.3685284 ,  1.39793872, 12.91420412,
        7.94736977,  1.78043368, 11.01357135,  1.69048007, 22.75524094,
        9.79036964,  1.68931749,  1.91283624,  7.05030782,  6.96056532,
        1.68793966, 14.89298947,  6.5962525 ,  1.04025219,  1.06092365,
        2.29706736, 11.03129913,  2.04967496, 11.21329886,  7.25438984,
        1.77670167,  2.48830163,  5.49038905,  8.45067424,  3.60700377])]
WW_fc:[0.32, 'cal', [0.3, 0.5], 0.327, 0.044, array([0.37332792, 0.30085167, 0.43813778, 0.40763183, 0.3461277 ,
       0.33763838, 0.30006979, 0.32083798, 0.31016896, 0.38600443,
       0.31847892, 0.3164376 , 0.31421065, 0.34392646, 0.34319151,
       0.30122436, 0.35934764, 0.35408723, 0.30863258, 0.46723174,
       0.3526613 , 0.39020359, 0.33490342, 0.37206394, 0.3334037 ,
       0.35205994, 0.37746247, 0.36139744, 0.34403573, 0.30813646,
       0.38329447, 0.38503196, 0.39769536, 0.35283209, 0.37071048,
       0.30407415, 0.38344065, 0.30944386, 0.32572784, 0.35499104,
       0.32508968, 0.3885484 , 0.30954761, 0.31436131, 0.31879854,
       0.38809902, 0.4583236 , 0.31749696, 0.32008516, 0.39512248,
       0.36228869, 0.32740003, 0.3757362 , 0.34409975, 0.43077997,
       0.3016738 , 0.4733918 , 0.3549886 , 0.31140638, 0.32601574,
       0.38196123, 0.41796378, 0.39637563, 0.32997591, 0.36014248,
       0.49576609, 0.30723185, 0.41367284, 0.35405964, 0.32919568,
       0.3165505 , 0.37389323, 0.39751485, 0.40488523, 0.3215067 ,
       0.43794313, 0.32786337, 0.32600449, 0.40009478, 0.32905412,
       0.36070169, 0.31806014, 0.30670744, 0.39926625, 0.37205065,
       0.40280873, 0.37201164, 0.34899419, 0.33985254, 0.3353999 ,
       0.40042164, 0.30127841, 0.30411978, 0.38944535, 0.31984409,
       0.34334687, 0.36548218, 0.45340719, 0.36257433, 0.45605339])]
WW_w:[0.09, 'cal', [0.1, 0.2], 0.151, 0.031, array([0.16354758, 0.12565968, 0.12242407, 0.1566122 , 0.16338799,
       0.14265466, 0.17190555, 0.11873498, 0.15388616, 0.163874  ,
       0.16311944, 0.14888381, 0.19574516, 0.17873652, 0.14537223,
       0.16525991, 0.12197956, 0.12691834, 0.16369309, 0.17818245,
       0.18962303, 0.17319619, 0.19509249, 0.12425329, 0.14224206,
       0.15862969, 0.1724698 , 0.16834263, 0.1577101 , 0.14257646,
       0.15374131, 0.13112948, 0.19178399, 0.12179506, 0.13497764,
       0.15087917, 0.10029759, 0.11554375, 0.17762859, 0.13294723,
       0.11659823, 0.16257527, 0.11967566, 0.17167571, 0.17415094,
       0.15381235, 0.12088707, 0.12476534, 0.12801696, 0.15420935,
       0.17613476, 0.16214207, 0.16575118, 0.16274049, 0.10002184,
       0.15092441, 0.10000121, 0.17203879, 0.13323615, 0.12497752,
       0.17535727, 0.18093082, 0.11672395, 0.14285216, 0.19758724,
       0.19503888, 0.13003598, 0.19459727, 0.16174809, 0.18405609,
       0.16528007, 0.13363067, 0.1392083 , 0.10556987, 0.17555914,
       0.1691196 , 0.15699651, 0.15784218, 0.1394149 , 0.16892656,
       0.19303925, 0.13643125, 0.16883337, 0.17399085, 0.11643443,
       0.19942373, 0.14038571, 0.11819017, 0.19126073, 0.17530986,
       0.11735841, 0.16900034, 0.1941018 , 0.17027125, 0.10769194,
       0.15446474, 0.15658623, 0.10020357, 0.14274633, 0.13487832])]
rho_st:[0.4, 'cal', [0.35, 0.65], 0.437, 0.096, array([0.38239758, 0.43692633, 0.62693161, 0.55827518, 0.52710866,
       0.42940305, 0.36506547, 0.47294558, 0.64332673, 0.4613728 ,
       0.44901238, 0.36891885, 0.44657251, 0.40307186, 0.49371433,
       0.38104154, 0.46630775, 0.47806261, 0.41666526, 0.44647669,
       0.44251961, 0.51981318, 0.63595663, 0.57172522, 0.4684452 ,
       0.54094029, 0.45682534, 0.40887504, 0.55889304, 0.43057454,
       0.46871961, 0.41753081, 0.47128245, 0.63278085, 0.53725558,
       0.51600167, 0.36324368, 0.5998764 , 0.47737173, 0.63171236,
       0.62426389, 0.47346369, 0.50282574, 0.37457173, 0.52528354,
       0.56311311, 0.53938153, 0.50500906, 0.46990785, 0.57178992,
       0.45653167, 0.35145114, 0.45116288, 0.48135847, 0.51620137,
       0.36166334, 0.42512147, 0.3916836 , 0.3946031 , 0.53547349,
       0.46143635, 0.45775862, 0.50725488, 0.41271762, 0.35665517,
       0.43943115, 0.45451622, 0.40195534, 0.46395419, 0.35282728,
       0.40641206, 0.5877334 , 0.40876582, 0.64949599, 0.42125196,
       0.5372991 , 0.55119603, 0.38295843, 0.45916619, 0.64821323,
       0.43130051, 0.61469871, 0.55033768, 0.43818848, 0.35190914,
       0.43116156, 0.64189443, 0.49847732, 0.54941866, 0.57569169,
       0.60932625, 0.3502405 , 0.4882269 , 0.55616613, 0.35025389,
       0.53433846, 0.43472719, 0.35216804, 0.55919966, 0.35839974])]
Kc0:[0.5, 'cal', [0.1, 1.5], 0.106, 0.087, array([0.10553551, 0.79546536, 0.25786255, 1.19530391, 0.20162387,
       0.19706814, 0.29292991, 0.19891595, 0.21661856, 0.21675332,
       0.16298513, 0.19052233, 0.15808258, 0.87662406, 0.19605562,
       1.09879447, 0.25046567, 0.72705252, 0.81755723, 0.1363576 ,
       0.12367792, 0.70695961, 0.32175441, 0.19686646, 0.94304505,
       0.14320174, 1.10793787, 1.25018711, 0.1933246 , 1.01629515,
       0.19422063, 0.19787037, 0.17102348, 0.9731697 , 1.02597212,
       0.19281317, 0.46811479, 0.30216026, 0.26335241, 0.7201324 ,
       0.20132333, 0.16746594, 0.69425914, 0.19521666, 0.19903254,
       0.20095593, 0.17036465, 1.05382894, 0.24706765, 0.20266957,
       0.20063874, 0.74084175, 0.17169289, 0.97603558, 0.39735469,
       0.27614085, 0.36168614, 0.97124497, 0.45413521, 0.19945258,
       1.20191808, 1.04916777, 0.19801307, 0.199271  , 1.03800427,
       0.89523505, 0.90119817, 0.20044673, 0.30506792, 1.16706981,
       0.60882076, 0.80351907, 0.14624874, 0.22464281, 1.16663036,
       1.17361806, 0.19578013, 0.81487878, 0.19823128, 0.31704329,
       0.97757462, 0.19469997, 0.19617838, 0.81328957, 0.9325585 ,
       0.18344305, 0.27252852, 0.73732041, 0.1190348 , 0.12410434,
       0.26869222, 0.83827405, 0.20039696, 1.38694893, 0.90249109,
       0.19190406, 0.25400371, 1.05757459, 1.07726171, 0.67190434])]
