A:[0.3, 'cal', [0.01, 1.0], 0.318, 0.013, array([0.33045904, 0.32982842, 0.34254063, 0.32237898, 0.33796071,
       0.34503312, 0.33389719, 0.32679915, 0.32239006, 0.31565393,
       0.32942653, 0.32066623, 0.35920141, 0.32353261, 0.33903965,
       0.3257663 , 0.35586561, 0.32361501, 0.34312878, 0.31773389,
       0.36368168, 0.33815872, 0.35777509, 0.31429644, 0.33413317,
       0.31921148, 0.32162832, 0.5622228 , 0.33080066, 0.32930611,
       0.32626112, 0.32665435, 0.32636419, 0.32202635, 0.32222832,
       0.33830542, 0.44560479, 0.3363094 , 0.32491567, 0.34590053,
       0.33406047, 0.33668015, 0.3303349 , 0.32364952, 0.31577006,
       0.32018382, 0.32443394, 0.31727801, 0.32273131, 0.3196242 ,
       0.34208161, 0.31443697, 0.32281499, 0.31829373, 0.31975254,
       0.3382151 , 0.33511149, 0.31690637, 0.31725061, 0.32715751,
       0.31673224, 0.32145979, 0.33679588, 0.32484625, 0.34248257,
       0.31435409, 0.34684496, 0.33829296, 0.32832297, 0.32299077,
       0.33394398, 0.34179385, 0.34463279, 0.33039568, 0.33118967,
       0.32530608, 0.32666018, 0.37982059, 0.32591283, 0.3728815 ,
       0.38320221, 0.32102526, 0.34746221, 0.34388876, 0.32361774,
       0.32160839, 0.3450543 , 0.3162291 , 0.33446115, 0.31840785,
       0.32077781, 0.34893313, 0.313072  , 0.35472458, 0.34371097,
       0.32764566, 0.31809553, 0.33301207, 0.33484075, 0.3389276 ])]
B:[1.5, 'cal', [0.1, 3.0], 0.827, 0.23, array([0.84959559, 0.88371778, 0.74102299, 1.05631783, 0.74852623,
       0.72316052, 0.79317867, 0.97483164, 1.08458961, 1.19969501,
       0.81378631, 1.16120437, 0.66377195, 1.06397483, 0.73951223,
       0.96526642, 0.70614152, 1.08647082, 0.68780691, 1.21240415,
       0.56700409, 0.71632597, 0.6494626 , 1.23232172, 0.83237664,
       0.95313507, 1.18763932, 0.23463498, 0.96970267, 0.99688825,
       0.9831065 , 0.98814962, 0.9436253 , 1.09866024, 1.12755849,
       0.79333018, 0.3870018 , 0.80829212, 1.04414387, 0.71985902,
       0.85459627, 0.76847447, 0.87993841, 0.91291844, 1.3222991 ,
       1.22555476, 1.04238391, 0.83031791, 0.90055045, 0.95099701,
       0.71548789, 0.85529913, 0.77822307, 1.15420093, 1.12557826,
       0.80969946, 0.92735462, 1.35334502, 1.23779517, 1.01668394,
       1.08941555, 1.181875  , 0.76285744, 0.99664321, 0.70762179,
       1.19198546, 0.74514425, 0.78625529, 1.01220054, 1.04094639,
       0.79596432, 0.74162316, 0.78023778, 0.7938184 , 0.84986259,
       0.98927247, 1.02319207, 0.55074956, 0.86437712, 0.56940303,
       0.57496656, 1.11149715, 0.71538822, 0.79755395, 1.16263368,
       1.071143  , 0.69015268, 1.51810511, 0.8311906 , 1.32504827,
       1.22868851, 0.73769132, 1.35101084, 0.62301113, 0.74385557,
       0.96672862, 1.13935519, 0.80275546, 0.83003352, 0.76057542])]
C:[-15, 'cal', [-30.0, -5.0], -17.34, 0.214, array([-17.34924268, -17.32761717, -17.24264331, -17.19818981,
       -17.307403  , -17.45079366, -17.48039802, -17.07102312,
       -17.14066151, -17.23886922, -17.67298934, -17.21055518,
       -17.38824838, -17.17136575, -17.32603343, -17.55437077,
       -17.58307035, -17.09691904, -17.26367085, -17.15885394,
       -17.10097168, -17.39959847, -17.45326643, -17.23354421,
       -17.35920288, -17.35278969, -17.15385491, -17.11571536,
       -17.00538774, -17.09851583, -16.97133261, -17.05573473,
       -17.64782238, -17.06234656, -17.17130709, -17.38852815,
       -17.56276517, -17.34476063, -18.29358748, -17.47607474,
       -17.11883331, -17.34406704, -17.38570819, -17.4118767 ,
       -17.18717233, -17.11373854, -17.08562119, -17.59615137,
       -17.91312269, -18.61563856, -17.19624845, -17.4962692 ,
       -17.53103668, -17.15075667, -17.18562716, -17.59931672,
       -16.9956342 , -17.35711691, -17.2313273 , -17.09502192,
       -17.56138244, -17.15348015, -17.58578896, -17.06997331,
       -17.44573845, -17.23150969, -17.48237788, -17.26740957,
       -16.92353147, -17.09192249, -17.50840303, -17.33022573,
       -16.93179853, -17.2140141 , -16.8982426 , -17.10330671,
       -17.12051058, -17.13359872, -17.70555888, -16.66437227,
       -17.37197388, -17.22684337, -17.55391652, -17.66015223,
       -17.20956481, -17.20082074, -17.27738676, -17.14824937,
       -17.3882911 , -17.15835795, -17.24297186, -17.83746818,
       -18.14987537, -16.96995407, -16.72355179, -17.04451864,
       -17.25991897, -17.54612405, -17.37138184, -17.48918083])]
D:[30, 'cal', [10.0, 100.0], 39.342, 1.182, array([39.45847445, 39.82594602, 38.24830647, 40.35089605, 38.55082572,
       39.04789005, 39.86016636, 39.30472171, 40.27877093, 41.15938537,
       40.54793078, 41.00834999, 38.95505094, 40.24145694, 38.59697119,
       41.24445109, 39.91475631, 40.21854797, 37.81616905, 41.0948176 ,
       36.38255546, 39.05389384, 39.32170768, 41.4849414 , 39.44659828,
       39.95816255, 41.10235814, 34.37184429, 39.10563688, 39.54915505,
       38.99567529, 39.37720104, 41.65875544, 40.0599697 , 40.62117933,
       39.61036589, 37.7535522 , 39.4082976 , 45.02379931, 38.90858671,
       38.81630267, 38.82519301, 39.93523474, 40.31318242, 42.47977055,
       41.1554382 , 39.9333061 , 40.73350458, 42.14242312, 44.90059372,
       38.07074773, 39.62076652, 39.29717956, 40.93896909, 40.46086626,
       41.09253083, 38.63394147, 42.75091172, 41.37796279, 39.81603825,
       41.8405759 , 41.16405454, 39.74918531, 39.33326306, 38.59010276,
       41.17447229, 39.92999538, 38.95188656, 38.90600352, 39.75724735,
       39.96426557, 39.33420345, 37.59007452, 38.86285695, 37.75867741,
       39.28306833, 39.73360049, 36.76900055, 41.12216696, 35.3916828 ,
       38.07051087, 40.67747653, 39.66496388, 41.38568143, 41.51806544,
       40.18381011, 37.97560983, 42.98708955, 39.68234477, 41.90451719,
       41.70117415, 40.97302886, 46.51867957, 37.62575692, 36.66167802,
       39.25213851, 40.67195303, 40.05338635, 39.49758727, 39.92484178])]
W_max:[100, 'cal', [1.0, 100.0], 54.028, 27.61, array([52.97339759, 53.41556665, 51.80580703, 73.9409419 , 36.45510587,
       31.75475435, 32.88963113, 71.68654554, 73.70094324, 73.78273047,
       31.49990092, 75.16772728, 33.80998669, 73.28605658, 35.46988452,
       51.6116863 , 33.12011648, 71.85814982, 35.19404493, 74.02716466,
       34.94950761, 30.67789578, 28.91702318, 75.60164199, 51.00974145,
       60.53531607, 74.28757443, 37.62071175, 70.34329323, 71.63858282,
       69.80524347, 72.53271589, 32.83919816, 70.13533149, 73.72924745,
       50.26918875, 27.77538827, 51.21309871, 21.61202851, 28.41331548,
       71.56842546, 35.35129714, 51.69244822, 51.59063081, 81.02147385,
       74.21644326, 72.73171874, 29.25766034, 30.17097412, 21.3551143 ,
       30.3322719 , 31.0799434 , 30.21647266, 73.91885176, 73.74395615,
       31.14263228, 69.64488644, 75.44030206, 74.43460281, 72.75914035,
       29.98132654, 74.88874109, 29.3919803 , 70.53065414, 33.03582121,
       74.37191715, 27.70415764, 52.16841294, 67.67420946, 71.23108135,
       33.3770222 , 32.53002669, 67.69796489, 32.59752105, 67.9822783 ,
       70.74616445, 71.23230709, 29.34781855, 30.98709164, 62.4497535 ,
       27.97348897, 73.51602158, 28.99004848, 32.45085555, 77.71369512,
       71.58045033, 34.88580318, 73.05824896, 51.12266062, 76.06741925,
       74.90238012, 20.95838899, 22.49669098, 39.68892909, 66.54734453,
       70.41766053, 72.89822645, 30.07784092, 50.97188623, 32.27773968])]
WW_fc:[0.32, 'cal', [0.2, 0.4], 0.311, 0.005, array([0.31282623, 0.31209737, 0.31566786, 0.31397847, 0.31417274,
       0.31057438, 0.30747587, 0.31630133, 0.31453898, 0.3149545 ,
       0.30745324, 0.3121082 , 0.30761735, 0.31473648, 0.31317119,
       0.30800038, 0.30408938, 0.31526237, 0.31749988, 0.31601953,
       0.31369038, 0.30666083, 0.3043172 , 0.31286727, 0.31053194,
       0.31617682, 0.3129515 , 0.31777957, 0.3169856 , 0.31605035,
       0.31620387, 0.31623294, 0.30573847, 0.31666667, 0.31306813,
       0.30857693, 0.30229474, 0.30987211, 0.29497782, 0.31198498,
       0.31510554, 0.31441176, 0.30950909, 0.3096432 , 0.30252836,
       0.31399564, 0.31429291, 0.30323233, 0.30374991, 0.2955954 ,
       0.31299327, 0.31189162, 0.31157535, 0.31260713, 0.31674656,
       0.29932537, 0.32041862, 0.31115389, 0.31338458, 0.31366707,
       0.30813823, 0.31053762, 0.3091686 , 0.31829465, 0.31524532,
       0.31271805, 0.30518909, 0.31278429, 0.32035927, 0.31760007,
       0.30751335, 0.30309864, 0.31841227, 0.31247674, 0.31730479,
       0.31723547, 0.31823179, 0.31358055, 0.30479315, 0.32337987,
       0.30981892, 0.31446405, 0.30578778, 0.30049648, 0.30861662,
       0.31900454, 0.31323317, 0.31382857, 0.30887496, 0.31201618,
       0.31387804, 0.3016512 , 0.29150764, 0.29690558, 0.31965983,
       0.31520019, 0.31729709, 0.30790309, 0.31142599, 0.30564206])]
WW_w:[0.09, 'cal', [0.07, 0.17], 0.126, 0.004, array([0.1271665 , 0.12628501, 0.12965922, 0.12668588, 0.13215898,
       0.12948377, 0.12651944, 0.12957567, 0.12748188, 0.12816284,
       0.12820281, 0.12601832, 0.12726038, 0.12561632, 0.13171086,
       0.12298257, 0.12253744, 0.12901387, 0.13646603, 0.12877275,
       0.13041642, 0.12672165, 0.12440663, 0.12414404, 0.12692836,
       0.1301972 , 0.12399914, 0.1351595 , 0.12828249, 0.12953994,
       0.12924007, 0.12934708, 0.12610555, 0.12816235, 0.12670951,
       0.12261938, 0.12158813, 0.12457715, 0.11955632, 0.13131708,
       0.1257163 , 0.13268071, 0.1240153 , 0.12462559, 0.11167009,
       0.12477195, 0.1278975 , 0.12060396, 0.1244358 , 0.11959508,
       0.13055797, 0.13016527, 0.13030808, 0.12594969, 0.12966596,
       0.11861221, 0.13480969, 0.12299863, 0.12441876, 0.12789744,
       0.1282412 , 0.12579263, 0.12889985, 0.1318739 , 0.13448233,
       0.12602417, 0.12580832, 0.127929  , 0.13208854, 0.13186916,
       0.12648873, 0.12146158, 0.13031513, 0.13160458, 0.1506484 ,
       0.13171362, 0.12985181, 0.13144344, 0.12535727, 0.15326914,
       0.12956494, 0.12547128, 0.12503069, 0.11993901, 0.11917857,
       0.13371114, 0.13195404, 0.12811921, 0.1242233 , 0.12206099,
       0.12369074, 0.12436022, 0.11209468, 0.14969167, 0.15426087,
       0.12965893, 0.13143794, 0.12781251, 0.12608776, 0.1260695 ])]
rho_st:[0.4, 'cal', [0.1, 0.8], 0.1, 0.024, array([0.14827913, 0.14819196, 0.13776368, 0.29283454, 0.12783891,
       0.1137584 , 0.109302  , 0.31121629, 0.30468959, 0.3018542 ,
       0.12807468, 0.31390941, 0.14523606, 0.25942993, 0.12474156,
       0.12310298, 0.11258041, 0.31156538, 0.13729642, 0.30298958,
       0.1260305 , 0.13206928, 0.11162837, 0.27437453, 0.20006307,
       0.21089996, 0.27373097, 0.15162827, 0.26936545, 0.30918166,
       0.31619271, 0.31792637, 0.12654651, 0.27369395, 0.31246957,
       0.11578337, 0.10532637, 0.14802307, 0.13272529, 0.10094211,
       0.26036473, 0.12382544, 0.13335168, 0.1351966 , 0.24501531,
       0.27917339, 0.30956119, 0.10786091, 0.10433179, 0.11399775,
       0.13403645, 0.11431254, 0.10600304, 0.30289315, 0.30543712,
       0.10038037, 0.32826486, 0.27015462, 0.27154968, 0.30698926,
       0.1245773 , 0.32244583, 0.12464595, 0.31411254, 0.11840171,
       0.29125642, 0.1194307 , 0.15082197, 0.2890769 , 0.31553882,
       0.11022372, 0.11358877, 0.28604396, 0.12323416, 0.40761046,
       0.31709682, 0.27639357, 0.12708822, 0.11368042, 0.39813357,
       0.12591892, 0.2564494 , 0.10971784, 0.10198472, 0.26518158,
       0.31599697, 0.1403585 , 0.30897938, 0.17045737, 0.26849791,
       0.2237185 , 0.11649461, 0.10993071, 0.3635658 , 0.41482677,
       0.31344803, 0.31136778, 0.12170681, 0.13834498, 0.12933114])]
Kc0:[0.5, 'cal', [0.1, 1.5], 1.17, 0.457, array([1.13854972, 1.14222263, 1.20970983, 1.35518995, 0.81361751,
       0.66190336, 0.65839649, 1.36274424, 1.34395219, 1.33742462,
       0.61374308, 1.27704164, 0.66444863, 1.41572366, 0.78106341,
       1.01116766, 0.6001455 , 1.36211558, 0.82644842, 1.40112956,
       0.77489848, 0.60885524, 0.54921122, 1.36430795, 0.96984233,
       1.30836295, 1.35469674, 0.91257287, 1.45668507, 1.34613572,
       1.34240904, 1.3797817 , 0.62388759, 1.42899987, 1.28671128,
       1.00937092, 0.52097625, 1.02625863, 0.33225937, 0.60695051,
       1.41847645, 0.78547406, 1.04383635, 1.05073055, 1.27521163,
       1.37098441, 1.34479861, 0.53889693, 0.55070607, 0.32885299,
       0.62988717, 0.65473808, 0.64302872, 1.33132029, 1.40787659,
       0.54488239, 1.43666557, 1.34688114, 1.35023024, 1.33636902,
       0.58567956, 1.2569139 , 0.57942024, 1.39995519, 0.73729675,
       1.35127105, 0.53969346, 1.13283815, 1.4952974 , 1.40801191,
       0.66765898, 0.62421487, 1.48682084, 0.70592916, 1.22617763,
       1.35964948, 1.46971824, 0.61119922, 0.57670981, 1.44114824,
       0.57002512, 1.40740191, 0.54908801, 0.57876568, 1.32252892,
       1.42159716, 0.76111688, 1.34625181, 0.96940149, 1.34977864,
       1.49130118, 0.37918984, 0.33679838, 0.54066594, 1.2976962 ,
       1.34090732, 1.37760757, 0.58583273, 1.05795817, 0.62262069])]
