A:[0.3, 'cal', [0.01, 1.0], 0.18, 0.036, array([0.20423045, 0.19951027, 0.1790661 , 0.1916546 , 0.17966368,
       0.21351702, 0.17476493, 0.18142556, 0.20211965, 0.18266444,
       0.28419626, 0.50346128, 0.21128895, 0.22350335, 0.27076937,
       0.20686369, 0.18316412, 0.21100538, 0.21298716, 0.24030072,
       0.20300011, 0.2858579 , 0.19154621, 0.4415264 , 0.49375269,
       0.22729253, 0.17771426, 0.19895797, 0.23413352, 0.18328912,
       0.20148491, 0.17611219, 0.28420069, 0.29534297, 0.18038639,
       0.17626202, 0.17381579, 0.27300852, 0.27258312, 0.18845173,
       0.17551618, 0.52384624, 0.20463784, 0.45499121, 0.76012229,
       0.2192922 , 0.18348646, 0.39192657, 0.18954463, 0.22021227,
       0.304183  , 0.49283874, 0.18239004, 0.25431796, 0.1976763 ,
       0.27713832, 0.20397112, 0.21061183, 0.21117236, 0.20092167,
       0.18862612, 0.18606189, 0.18733952, 0.25871426, 0.23267036,
       0.26302849, 0.20491455, 0.22195187, 0.2170632 , 0.24691607,
       0.2591698 , 0.19543425, 0.18172707, 0.21643143, 0.17570167,
       0.20951753, 0.43875658, 0.28176552, 0.1796338 , 0.20303346,
       0.2140328 , 0.26820884, 0.24418473, 0.58981289, 0.20270445,
       0.17961567, 0.1858185 , 0.18626441, 0.28209468, 0.25105278,
       0.18119865, 0.1932453 , 0.23324907, 0.20518374, 0.21178317,
       0.18860276, 0.3615986 , 0.18532077, 0.28283716, 0.17834489])]
B:[1.5, 'cal', [0.1, 3.0], 0.294, 0.314, array([0.6279678 , 0.52727231, 1.9992406 , 0.70329587, 2.02763858,
       0.52465106, 2.81852385, 1.28657816, 0.73926554, 2.31542478,
       0.29709313, 0.16445487, 0.58377742, 0.46210418, 0.34449771,
       0.57835425, 0.89453846, 0.65152695, 0.51962724, 0.41618032,
       0.70308564, 0.29385368, 0.75649283, 0.14776758, 0.12903597,
       0.46155338, 2.08301267, 0.68541475, 0.43402568, 1.62418326,
       0.70206342, 2.80826499, 0.29981113, 0.34416788, 1.53942988,
       2.95076609, 2.9430921 , 0.31740255, 0.32230455, 0.92105286,
       2.72136268, 0.15593589, 0.61568442, 0.19192867, 0.10092282,
       0.506782  , 0.77868337, 0.23169115, 0.74045635, 0.48993495,
       0.26725351, 0.13351615, 1.46139918, 0.36042225, 0.69351947,
       0.32372415, 0.66465151, 0.68296499, 0.56442692, 0.65404929,
       0.90904411, 2.4472846 , 0.71959767, 0.34414048, 0.44063848,
       0.34030974, 0.58393366, 0.46801733, 0.51220019, 0.38598162,
       0.35990626, 0.62229228, 1.96756395, 0.52295884, 2.11258922,
       0.57560198, 0.15244964, 0.29883604, 1.57403778, 0.60539367,
       0.52332142, 0.32008411, 0.3982024 , 0.10326388, 0.61562128,
       1.96313908, 0.87694015, 0.77007548, 0.30026617, 0.36576921,
       0.90224771, 0.72385388, 0.42971803, 0.61580457, 0.55514315,
       0.82392535, 0.19421255, 2.66081211, 0.30692195, 1.62568509])]
C:[-15, 'cal', [-30.0, -5.0], -17.811, 0.953, array([-16.17163032, -19.75722117, -16.33380549, -17.11525731,
       -16.3102392 , -16.00622879, -18.01647337, -18.18789073,
       -15.88058947, -17.68626749, -17.51205476, -22.29777471,
       -18.43596177, -17.01795991, -16.82819247, -17.41854992,
       -17.99021002, -18.2025165 , -17.13521407, -16.85628555,
       -18.03143989, -17.51688051, -18.36278813, -16.65155781,
       -16.72066728, -18.08228781, -16.23926487, -16.85853808,
       -16.29856238, -18.10168145, -17.87341038, -21.47982655,
       -17.7361894 , -24.2132706 , -18.59180609, -23.80014996,
       -20.4365892 , -16.19377504, -16.81215825, -18.07484046,
       -18.719332  , -23.14834869, -17.20847334, -23.61927133,
       -23.21926056, -17.83863225, -17.75008003, -22.03401237,
       -17.56269279, -18.04173843, -16.65544201, -17.28059136,
       -18.61062428, -16.60943218, -16.12716216, -17.38493534,
       -18.26898898, -17.89464582, -17.14101218, -17.57248502,
       -15.94817719, -15.68411294, -17.56909622, -17.06313999,
       -18.0028535 , -16.95096394, -18.04938514, -16.71224569,
       -21.19228157, -17.41452299, -16.0937353 , -18.23901795,
       -20.80592514, -16.49823142, -18.47871236, -17.71998116,
       -17.8852865 , -17.9231671 , -15.53470373, -18.15959839,
       -17.27922228, -17.03405114, -16.65101307, -18.09349144,
       -16.56075667, -18.52579828, -18.10193652, -16.23503719,
       -16.75209586, -17.35561185, -18.61690322, -17.85750733,
       -17.10224641, -17.53971976, -16.43435506, -17.95022739,
       -16.34766452, -17.6766247 , -16.14211204, -18.11298104])]
D:[30, 'cal', [10.0, 100.0], 27.726, 7.029, array([27.69431901, 38.56975422, 37.71975697, 31.57818859, 35.08691463,
       23.28503369, 43.93652754, 39.25057372, 27.95368366, 44.67405023,
       27.20481119, 38.01764827, 35.80753381, 28.21570957, 25.61463573,
       30.77940016, 35.42743608, 33.87211506, 29.97327784, 26.39269818,
       34.14514352, 26.9656911 , 35.0939483 , 22.46051027, 24.03610499,
       30.31649449, 36.45033375, 27.52053389, 25.79787909, 41.83963684,
       33.76950041, 57.9492199 , 30.45013003, 45.49950706, 42.44860577,
       61.26159579, 53.47955808, 25.98540508, 26.40892572, 36.26291469,
       50.09809098, 42.4882252 , 30.99978217, 43.3899277 , 37.40405972,
       28.595701  , 32.79299186, 36.40081402, 33.75571497, 33.49778586,
       24.65590352, 26.31790831, 42.81767728, 25.30079254, 25.29571773,
       29.55710603, 34.65770563, 34.14115518, 30.19674695, 30.70393639,
       29.78833135, 42.4768914 , 32.17386658, 28.23630705, 32.02946844,
       26.19112947, 30.78045247, 24.80583103, 41.99810441, 25.585292  ,
       23.49811303, 33.32822668, 51.38421704, 26.17379492, 46.51665884,
       32.52167611, 27.31836369, 28.8825342 , 30.8736887 , 33.11676387,
       30.53563735, 27.65351699, 25.49240784, 29.82853366, 25.7617838 ,
       44.79256746, 35.15160062, 26.6921781 , 27.39415427, 29.09508232,
       37.30074164, 33.16203582, 25.62994926, 30.64335444, 26.56422819,
       35.49394395, 22.06745392, 43.86709148, 23.58854404, 41.96311357])]
W_max:[100, 'cal', [1.0, 30.0], 2.002, 1.527, array([ 3.0607623 ,  6.8423598 ,  2.83599662,  3.31018575,  4.21015117,
        2.54576886,  7.21097267,  4.24726817,  3.25452945,  4.47734399,
        3.69219142, 22.44405318,  4.5237117 ,  3.31620745,  3.23896586,
        3.56957317,  4.41604086,  4.45080747,  3.33076452,  3.94138235,
        4.44954532,  3.49308436,  5.90904054,  2.750467  ,  3.36024574,
        3.82180768,  3.79871561,  2.91055783,  2.86437043,  4.95573963,
        5.13791505, 15.54689523,  4.17311785, 25.11985969,  5.76600708,
       16.26031368, 12.48637969,  2.94789521,  3.17618892,  5.16876182,
        8.87871198, 24.84547062,  3.48440024, 25.69346821, 23.65220529,
        3.89872093,  3.67673331, 20.97997994,  3.57701833,  3.91676953,
        4.04677243,  4.14667513,  4.58561361,  2.7941985 ,  2.67057278,
        3.87927538,  4.20240692,  5.13725243,  3.76384452,  3.8175498 ,
        3.47700537,  1.76249503,  3.89665404,  3.34831395,  4.14701622,
        3.40507877,  3.94495826,  2.86943343, 17.0697569 ,  3.09907623,
        2.98301634,  4.13078325, 13.81416964,  2.95443399,  5.00885845,
        4.00281075,  3.8901039 ,  3.90059879,  2.76663314,  4.10758041,
        3.53398838,  3.45916135,  3.00935483,  4.47157984,  2.58868571,
        6.81026791,  5.85078729,  2.74917643,  3.49270536,  3.48808544,
        4.63466215,  4.05755147,  3.07999269,  3.85283111,  2.88616472,
        4.24060667,  2.58074272,  5.14105668,  2.70405702,  4.65022293])]
WW_fc:[0.32, 'cal', [0.29, 0.35], 0.29, 0.009, array([0.2965285 , 0.2911163 , 0.3004353 , 0.30016674, 0.31327386,
       0.33660784, 0.32423797, 0.29847654, 0.29463928, 0.29507546,
       0.31984667, 0.30546686, 0.29111955, 0.30814211, 0.32830162,
       0.30425292, 0.29086515, 0.30895093, 0.29837324, 0.31971857,
       0.29453223, 0.32701314, 0.29436093, 0.33744626, 0.31583344,
       0.31901963, 0.30490932, 0.3293414 , 0.31083716, 0.29098661,
       0.29158719, 0.29645262, 0.29364208, 0.30460274, 0.29480732,
       0.31978155, 0.3110449 , 0.29211428, 0.31104352, 0.29089695,
       0.29022178, 0.29448365, 0.29809713, 0.29887742, 0.33331967,
       0.3304744 , 0.30559425, 0.31634212, 0.29267523, 0.2936156 ,
       0.32364279, 0.31357981, 0.29111221, 0.32206111, 0.33000283,
       0.29384051, 0.30162442, 0.29458218, 0.30167354, 0.31166011,
       0.29524078, 0.29774407, 0.30106938, 0.29892917, 0.29994925,
       0.32082939, 0.3194175 , 0.33543126, 0.29162595, 0.34781021,
       0.31949929, 0.30202175, 0.29250303, 0.31886687, 0.29048602,
       0.30443112, 0.31712506, 0.31471239, 0.31025124, 0.30432824,
       0.29734947, 0.30579362, 0.32312143, 0.2937438 , 0.33163334,
       0.29017233, 0.29300955, 0.31733526, 0.29467008, 0.29761096,
       0.29265979, 0.3005543 , 0.3378323 , 0.30818901, 0.31577286,
       0.29220388, 0.33398712, 0.31544942, 0.32094629, 0.29377098])]
WW_w:[0.09, 'cal', [0.06, 0.12], 0.105, 0.019, array([0.06305328, 0.11861799, 0.09080697, 0.08912817, 0.101454  ,
       0.06292029, 0.11911491, 0.11586407, 0.06002408, 0.11542495,
       0.10286852, 0.08714413, 0.11304974, 0.08598376, 0.08704065,
       0.09568998, 0.11628929, 0.11916769, 0.08688151, 0.08716946,
       0.11661178, 0.10710951, 0.11506319, 0.08402698, 0.07904711,
       0.11489668, 0.09204396, 0.09141657, 0.07012776, 0.11349019,
       0.10720922, 0.11646589, 0.09893916, 0.10378865, 0.11840068,
       0.11978185, 0.11985228, 0.06194962, 0.0829537 , 0.10758718,
       0.11979717, 0.10866731, 0.09016321, 0.09147427, 0.08744119,
       0.11651922, 0.10161398, 0.08343426, 0.09612196, 0.10529317,
       0.08174201, 0.09688557, 0.11733497, 0.08053158, 0.07109669,
       0.09365326, 0.1116543 , 0.10959251, 0.08983206, 0.10177108,
       0.06628499, 0.11382857, 0.09622302, 0.08601219, 0.10661726,
       0.08821683, 0.11492491, 0.08359876, 0.11955078, 0.109433  ,
       0.06095008, 0.10900632, 0.11996716, 0.07758338, 0.11631101,
       0.10329041, 0.11024819, 0.10934264, 0.0675739 , 0.11057091,
       0.0893903 , 0.08552327, 0.08154971, 0.10687593, 0.08108753,
       0.11998299, 0.11199241, 0.06710336, 0.07630962, 0.09306592,
       0.11498011, 0.10342452, 0.09712871, 0.10018396, 0.07618437,
       0.1028246 , 0.07090032, 0.11996743, 0.06570543, 0.11499802])]
rho_st:[0.4, 'cal', [0.3, 0.5], 0.3, 0.01, array([0.3010179 , 0.30272833, 0.30319571, 0.30017217, 0.49891333,
       0.30126083, 0.30166657, 0.31599108, 0.30342892, 0.33989354,
       0.32880166, 0.40885072, 0.34791192, 0.30555146, 0.33651421,
       0.30226103, 0.42590353, 0.33515013, 0.30029457, 0.30036197,
       0.41504455, 0.31126285, 0.41221585, 0.33952978, 0.3000181 ,
       0.3122251 , 0.46227693, 0.30028691, 0.30014036, 0.3121307 ,
       0.43685068, 0.30397246, 0.30631157, 0.34700991, 0.30771373,
       0.30035902, 0.30414682, 0.30291542, 0.30018619, 0.3902686 ,
       0.36034008, 0.37481377, 0.30174561, 0.34597508, 0.37817003,
       0.40557208, 0.30345912, 0.42327866, 0.30079079, 0.30042423,
       0.30005748, 0.30052018, 0.30563126, 0.30342662, 0.30020803,
       0.34939069, 0.30515587, 0.36975812, 0.30015343, 0.32311197,
       0.30029961, 0.4669776 , 0.30023002, 0.30168906, 0.30904855,
       0.3001443 , 0.32840489, 0.30003034, 0.30181105, 0.30086094,
       0.30007084, 0.30678541, 0.3000578 , 0.30006916, 0.32057117,
       0.30215415, 0.30306799, 0.31411415, 0.30089067, 0.30071697,
       0.30109894, 0.30067177, 0.30074197, 0.30512855, 0.30056791,
       0.38054942, 0.4241051 , 0.30103576, 0.30208877, 0.30055887,
       0.33343929, 0.31783911, 0.3039935 , 0.32482164, 0.30288881,
       0.31068681, 0.30012279, 0.419797  , 0.30019514, 0.30624438])]
Kc0:[0.5, 'cal', [0.4, 0.6], 0.4, 0.011, array([0.40182004, 0.51223374, 0.40042205, 0.41571333, 0.40442416,
       0.40025982, 0.59173798, 0.41662553, 0.40974527, 0.42195075,
       0.40000572, 0.40141269, 0.40055375, 0.42301799, 0.40041453,
       0.41240112, 0.40207274, 0.40680829, 0.4128421 , 0.5109286 ,
       0.40169851, 0.44072041, 0.45242657, 0.41684165, 0.46640223,
       0.40002674, 0.40183016, 0.40121337, 0.40960966, 0.4378239 ,
       0.40025916, 0.54530578, 0.40115902, 0.400658  , 0.4976186 ,
       0.49028012, 0.59328161, 0.40646767, 0.41017021, 0.42887527,
       0.57198948, 0.40096994, 0.42225641, 0.40131928, 0.42348763,
       0.40045442, 0.43069758, 0.40206331, 0.4002798 , 0.4263417 ,
       0.57302784, 0.53669625, 0.40074653, 0.40042162, 0.40709638,
       0.40016227, 0.40875834, 0.4188665 , 0.46296818, 0.40002773,
       0.50340989, 0.47561931, 0.44282297, 0.41210224, 0.40095292,
       0.451605  , 0.40004215, 0.40184922, 0.58451195, 0.40809491,
       0.40061682, 0.40011726, 0.59313574, 0.42404923, 0.41831662,
       0.50586889, 0.40094797, 0.40002805, 0.40047741, 0.40021933,
       0.40051821, 0.42747416, 0.40452651, 0.40892417, 0.40053881,
       0.47800025, 0.45363533, 0.40476747, 0.43360093, 0.42131764,
       0.40199457, 0.40044874, 0.4000241 , 0.40003153, 0.4210743 ,
       0.40584612, 0.40279684, 0.41510566, 0.40582823, 0.51655679])]
