A:[0.3, 'cal', [0.01, 1.0], 0.318, 0.025, array([0.34024717, 0.34329225, 0.3449335 , 0.33446161, 0.31765435,
       0.3319697 , 0.3583964 , 0.41036361, 0.35933283, 0.32798546,
       0.32846912, 0.34952264, 0.35219457, 0.35805014, 0.34609199,
       0.34386987, 0.91263008, 0.32769883, 0.33904294, 0.33543614])]
B:[1.5, 'cal', [0.1, 3.0], 0.688, 0.077, array([0.80958092, 0.69067944, 0.70669265, 0.75783755, 0.90629915,
       0.78425339, 0.62362761, 0.43776626, 0.62202618, 0.81495506,
       0.81148333, 0.70431401, 0.6501777 , 0.59818912, 0.6976413 ,
       0.74219312, 0.12138548, 0.74683477, 0.72604538, 0.77912578])]
C:[-15, 'cal', [-30.0, -5.0], -14.058, 0.916, array([-12.99752792, -13.7493612 , -14.57172749, -14.37137086,
       -15.21531843, -14.99462007, -13.51427494, -13.29389434,
       -13.2624667 , -14.28859765, -14.06032068, -13.44602796,
       -15.05683634, -13.85272254, -14.10285912, -14.72656194,
       -13.39587567, -15.81429633, -15.24101878, -13.97364591])]
D:[30, 'cal', [10.0, 100.0], 28.258, 4.38, array([27.49358605, 27.05673548, 30.30888047, 31.21047764, 35.20755959,
       33.56431879, 25.53810756, 22.43096836, 25.16501657, 28.5214837 ,
       31.50280655, 26.85190641, 34.01015296, 26.83792155, 26.6117597 ,
       30.29337363, 21.94022932, 37.49026125, 34.84218832, 29.58677133])]
W_max:[100, 'cal', [5.0, 30.0], 11.573, 3.689, array([ 6.68630404, 10.84030078, 13.45047427, 13.47821598,  7.952117  ,
       14.57359251, 10.98881871,  5.71727638,  9.37756562, 11.50503866,
       13.66739351, 12.36947888, 14.93423748, 12.85385755, 10.920609  ,
        7.36596397,  5.93255993, 16.95626949, 15.36196376, 12.76869264])]
WW_fc:[0.32, 'cal', [0.29, 0.35], 0.308, 0.02, array([0.30298453, 0.32109355, 0.31484063, 0.3017992 , 0.30144912,
       0.2997511 , 0.32501031, 0.34615152, 0.31943938, 0.32851975,
       0.29994001, 0.31959151, 0.29064566, 0.32402639, 0.33940419,
       0.32392023, 0.32855848, 0.2902866 , 0.29418865, 0.30507475])]
WW_w:[0.09, 'cal', [0.06, 0.12], 0.092, 0.021, array([0.06814605, 0.08130178, 0.10322521, 0.09511599, 0.11407153,
       0.10346735, 0.07689726, 0.07514594, 0.06548048, 0.09842828,
       0.09691617, 0.08471503, 0.10375879, 0.09351671, 0.09741829,
       0.11034863, 0.07294586, 0.11873548, 0.11028714, 0.08648407])]
rho_st:[0.4, 'cal', [0.25, 0.5], 0.307, 0.04, array([0.32145827, 0.26275357, 0.34199548, 0.34308996, 0.25464862,
       0.29887649, 0.34334812, 0.31815478, 0.2836359 , 0.29053902,
       0.40769574, 0.40141043, 0.31514045, 0.40305543, 0.31271178,
       0.25085754, 0.34073333, 0.29670231, 0.31368753, 0.35378561])]
Kc0:[0.5, 'cal', [0.35, 0.65], 0.47, 0.062, array([0.35007957, 0.49683268, 0.48539235, 0.47047814, 0.35052119,
       0.46339757, 0.46214438, 0.35035278, 0.44552926, 0.43816011,
       0.53211983, 0.51429839, 0.47588099, 0.54762326, 0.45427635,
       0.35033803, 0.35451919, 0.51761802, 0.49051062, 0.46774582])]
