A:[0.3, 'cal', [0.01, 1.0], 0.174, 0.01, array([0.37879189, 0.3778092 , 0.18880244, 0.34707783, 0.18066604,
       0.34088326, 0.20735213, 0.30887944, 0.20742965, 0.19293904,
       0.200148  , 0.18061209, 0.24413778, 0.1847708 , 0.18101656,
       0.35885364, 0.16369686, 0.18649523, 0.42437812, 0.18156212])]
B:[1.5, 'cal', [0.1, 3.0], 0.159, 0.165, array([0.19793752, 0.19473576, 0.8802076 , 0.21935257, 1.60453736,
       0.21618493, 0.60768854, 0.34949034, 0.6213998 , 0.82780716,
       0.70380822, 1.39530938, 0.41050769, 1.33449965, 2.77356587,
       0.21769138, 2.38207307, 0.99650469, 0.15914023, 1.50135523])]
C:[-15, 'cal', [-30.0, -5.0], -17.998, 1.309, array([-16.54976499, -17.03724245, -18.49429282, -17.69545411,
       -18.36179688, -18.97047295, -17.70724671, -29.70957536,
       -16.70820508, -17.73013721, -17.43214683, -16.13682216,
       -17.51472745, -15.70634394, -20.12024842, -17.23009083,
       -19.66246281, -16.67717039, -18.63933903, -16.4387302 ])]
D:[30, 'cal', [10.0, 100.0], 24.105, 5.787, array([17.09742777, 18.6450383 , 36.92830864, 20.17695636, 41.0401415 ,
       26.86098603, 24.34960322, 62.06386678, 27.61768945, 33.49912877,
       22.08285963, 23.17437828, 29.50986321, 30.31820509, 54.231542  ,
       25.39391304, 48.55902718, 28.17305799, 26.53228961, 33.38078233])]
W_max:[100, 'cal', [1.0, 100.0], 5.365, 5.173, array([ 6.70335206,  7.02790589, 13.31342207,  9.57225521,  6.64560201,
       15.69468453, 13.54873302, 51.76383138,  8.56166907,  6.66914773,
        3.79165194,  3.50829141,  8.86684718, 10.15843512, 21.20555237,
       12.33030058, 20.86149348,  7.64585498, 11.93794131,  7.27966207])]
WW_fc:[0.32, 'cal', [0.3, 0.5], 0.3, 0.007, array([0.44691635, 0.42935637, 0.3010421 , 0.43996553, 0.30027558,
       0.3860673 , 0.40776689, 0.30634166, 0.31176085, 0.30023953,
       0.42574188, 0.4116723 , 0.30187323, 0.30033189, 0.30332837,
       0.33672644, 0.31276972, 0.32934028, 0.36179341, 0.30436123])]
WW_w:[0.09, 'cal', [0.1, 0.2], 0.156, 0.027, array([0.10116775, 0.16100265, 0.15778815, 0.17295501, 0.15571861,
       0.19428377, 0.17521119, 0.12148801, 0.13881185, 0.15048217,
       0.16827222, 0.12846277, 0.12782186, 0.12087001, 0.17216905,
       0.15004693, 0.16972919, 0.13530892, 0.17918392, 0.17869172])]
rho_st:[0.4, 'cal', [0.38, 0.62], 0.43, 0.071, array([0.37506102, 0.50774876, 0.41253565, 0.47126972, 0.39477567,
       0.4057056 , 0.48303857, 0.45163273, 0.52499019, 0.43074576,
       0.45612836, 0.5292141 , 0.46591207, 0.57355137, 0.37512586,
       0.49066802, 0.37629033, 0.50957375, 0.40632137, 0.50452035])]
Kc0:[0.5, 'cal', [0.5, 1.5], 0.91, 0.413, array([1.14211342, 0.96393441, 1.11652894, 1.18860612, 0.54822375,
       1.41913166, 1.47487938, 0.50890964, 0.9028403 , 0.59309323,
       0.50236599, 0.50105217, 0.81313967, 1.03085812, 1.02616322,
       1.2929175 , 1.42981307, 0.82286418, 1.09804259, 0.7237157 ])]
