A:[0.3, 'cal', [0.01, 1.0], 0.34, 0.015, array([0.3424783 , 0.34391024, 0.34499561, 0.34630625, 0.35834824,
       0.33722954, 0.32911394, 0.34689764, 0.33802107, 0.32677884,
       0.31326819, 0.29384009, 0.35119237, 0.35461319, 0.33486381,
       0.35092825, 0.31434134, 0.35120699, 0.31455537, 0.34007817,
       0.32546646, 0.34576107, 0.3455978 , 0.34595849, 0.32330048,
       0.33088072, 0.31768104, 0.32197671, 0.33101498, 0.34152912,
       0.34867606, 0.34679511, 0.34559029, 0.34018496, 0.32049777,
       0.31690275, 0.34624595, 0.34941598, 0.34524912, 0.35793526,
       0.32605741, 0.34293076, 0.34809488, 0.332642  , 0.30812183,
       0.31716711, 0.34749423, 0.35520282, 0.32710667, 0.33070585])]
B:[1.5, 'cal', [0.1, 3.0], 0.764, 0.172, array([0.89333754, 0.84937394, 0.84731601, 0.82192098, 0.73043168,
       0.94027763, 1.05425168, 0.83242156, 0.93480329, 1.07496341,
       1.32167683, 1.11299768, 0.8145748 , 0.76720651, 0.98993143,
       0.79942356, 1.25397646, 0.79877052, 1.24479435, 0.87989858,
       0.95336706, 0.84163724, 0.8327308 , 1.02779644, 1.09070832,
       1.03774564, 1.40101595, 1.11986364, 1.00705501, 0.86412454,
       0.8548489 , 0.82921051, 0.84061902, 0.88460016, 2.02504009,
       1.29029112, 0.84159832, 0.812708  , 0.84638075, 0.7430297 ,
       1.00983568, 0.87123126, 0.8290274 , 0.98984751, 1.23574011,
       1.23360933, 0.81458263, 0.777173  , 1.14781706, 1.0203915 ])]
C:[-15, 'cal', [-30.0, -5.0], -16.601, 1.13, array([-16.69160548, -15.53253695, -16.00927016, -15.09100573,
       -14.94048771, -15.48498238, -16.34041785, -15.65913465,
       -16.76880192, -18.12415544, -18.77092622, -17.27430875,
       -16.23074627, -15.26412065, -17.06423021, -15.47162801,
       -17.95839623, -16.01251895, -17.74427967, -16.03004016,
       -17.50493788, -15.92564792, -15.79266237, -17.77100639,
       -17.0890618 , -18.07164262, -18.83746571, -17.91243197,
       -16.85736804, -16.31154628, -16.84009946, -16.02093507,
       -15.97051023, -16.75345854, -21.85026716, -17.78587432,
       -15.26814363, -15.10140771, -16.41070391, -15.65154045,
       -16.84553707, -15.97245331, -15.9338976 , -16.94099501,
       -19.90602082, -17.00198003, -15.8380755 , -16.37266813,
       -18.08453631, -16.71823843])]
D:[30, 'cal', [10.0, 100.0], 34.046, 5.249, array([36.95578594, 32.44246005, 33.39852834, 30.5691931 , 29.11000712,
       32.81048392, 36.67710871, 31.94098842, 37.53861003, 41.91037383,
       45.13130312, 39.14407828, 34.15125352, 31.04879719, 38.41663322,
       31.08319645, 42.09911889, 33.09546291, 41.71258414, 34.4058923 ,
       39.383341  , 33.30770897, 34.1915233 , 41.01237553, 38.98524637,
       41.3894253 , 45.50168526, 41.40202981, 38.0093243 , 35.39449973,
       37.24606418, 34.11096336, 33.93639031, 36.6855272 , 57.6149649 ,
       42.77149094, 31.32531855, 30.47093387, 35.85969636, 33.09991226,
       38.00496023, 33.3218735 , 34.25956209, 38.29825966, 47.04541506,
       39.58766511, 33.89940307, 35.4749799 , 42.60894174, 37.89574464])]
W_max:[100, 'cal', [1.0, 100.0], 4.586, 0.364, array([4.74900957, 4.38566798, 4.54907095, 4.40179218, 4.38660301,
       4.32222951, 4.8285008 , 4.45787179, 5.07147759, 6.41297054,
       5.98137799, 5.15458043, 4.71119103, 4.52620716, 5.09436653,
       4.45010748, 5.2623859 , 4.50416835, 6.07158089, 4.72932903,
       5.42435943, 4.75907822, 5.09624455, 5.10119517, 4.94388585,
       5.20849147, 6.27985899, 5.39398669, 4.83790166, 4.77126009,
       4.88619308, 4.8872288 , 4.64088815, 4.88498511, 7.56009452,
       5.46909199, 4.48559006, 4.29126131, 4.79796688, 4.91476524,
       5.18092676, 4.57526262, 4.7579634 , 5.03573408, 6.15213783,
       5.14304953, 4.79709316, 4.92979391, 6.33307068, 5.6213586 ])]
WW_fc:[0.32, 'cal', [0.31, 0.33], 0.31, 0.001, array([0.31020837, 0.31986416, 0.32406755, 0.32491425, 0.32996178,
       0.32038451, 0.3141883 , 0.32880508, 0.31014468, 0.31006187,
       0.31010661, 0.31013635, 0.32063347, 0.32334765, 0.31001432,
       0.3296556 , 0.31005619, 0.3241664 , 0.31025755, 0.31675759,
       0.3116883 , 0.32304909, 0.31278122, 0.31062299, 0.31017729,
       0.31002409, 0.31055955, 0.31003922, 0.31004249, 0.31323676,
       0.31025563, 0.3176543 , 0.31726024, 0.31297672, 0.31016539,
       0.31000846, 0.32264942, 0.32556203, 0.31213544, 0.31330845,
       0.3101035 , 0.32504654, 0.3126673 , 0.3100518 , 0.31003213,
       0.31007642, 0.31426747, 0.31091861, 0.31000175, 0.31003886])]
WW_w:[0.09, 'cal', [0.08, 0.1], 0.099, 0.001, array([0.09976801, 0.09066717, 0.09999373, 0.08648308, 0.08409043,
       0.09047468, 0.09993822, 0.09794343, 0.09998321, 0.09944897,
       0.0998257 , 0.09909208, 0.09995073, 0.09167002, 0.09634408,
       0.0930187 , 0.09994508, 0.09974761, 0.09994911, 0.09662784,
       0.09996308, 0.09991315, 0.09951771, 0.09928654, 0.09938499,
       0.09463444, 0.08650945, 0.09993298, 0.09998875, 0.09953369,
       0.09982421, 0.09992602, 0.09725436, 0.09991316, 0.0999116 ,
       0.09996125, 0.08539143, 0.08531025, 0.09992909, 0.09720613,
       0.09997311, 0.09999941, 0.09352855, 0.09981342, 0.0996974 ,
       0.09802969, 0.09898141, 0.09996779, 0.09987222, 0.09984079])]
rho_st:[0.02, 'cal', [0.02, 0.02], 0.016, 0.001, array([0.01660204, 0.01528323, 0.01757555, 0.0150301 , 0.0177133 ,
       0.01606723, 0.01595107, 0.0152197 , 0.01675977, 0.01609849,
       0.01765612, 0.01790659, 0.01641725, 0.01508536, 0.01578904,
       0.01636314, 0.01777595, 0.01572099, 0.01616024, 0.01579033,
       0.01609531, 0.0168287 , 0.01532301, 0.01601537, 0.01526585,
       0.01771659, 0.01534365, 0.01777488, 0.01633826, 0.01637074,
       0.01664048, 0.01621503, 0.01627509, 0.01747746, 0.01601364,
       0.01601289, 0.01586253, 0.01500543, 0.0165635 , 0.0178013 ,
       0.01747339, 0.01579221, 0.01521323, 0.01599962, 0.01680686,
       0.01616605, 0.01544642, 0.01683399, 0.01760932, 0.01605579])]
Kc0:[0.04, 'cal', [0.01, 0.3], 0.146, 0.023, array([0.13667447, 0.16030356, 0.15696094, 0.17656524, 0.18105029,
       0.15775401, 0.15194828, 0.16741998, 0.14596435, 0.13605772,
       0.12018728, 0.13287958, 0.15178352, 0.18070399, 0.13024524,
       0.16845982, 0.11997591, 0.15590158, 0.14044486, 0.15822608,
       0.13794766, 0.16481976, 0.18263737, 0.11552029, 0.13188166,
       0.11671241, 0.10986347, 0.12179124, 0.13891629, 0.15014897,
       0.14054279, 0.16617743, 0.15766672, 0.14229574, 0.10147125,
       0.12473166, 0.16623621, 0.17037691, 0.14986761, 0.17845597,
       0.1456653 , 0.15883508, 0.15744776, 0.13988089, 0.10068738,
       0.13725544, 0.17145572, 0.15390703, 0.13663357, 0.15682261])]
