PAR_dict={
r'$A$':['$[-]$', 'cal', [0.0, 5.0], 0.176, 0.157, array([0.17910762, 0.19249792, 0.17860682, 0.66407713, 0.58225438,
       0.19409844, 0.19914654, 2.5743287 , 0.2135463 , 0.18457483,
       0.1773659 , 0.18027992, 0.26252944, 0.21777717, 1.5588313 ,
       0.19350304, 0.18739286, 1.73045062, 0.20867538, 0.54772693,
       0.18242379, 0.20216194, 0.20085482, 0.34363779, 1.04645796,
       0.20230397, 0.1758226 , 2.22930004, 0.29690547, 0.22002393,
       0.20723163, 0.20811855, 0.30327143, 0.1818478 , 0.3293906 ,
       0.19819394, 0.19597493, 0.17826767, 0.19094262, 1.94858707,
       0.18295209, 0.37253957, 4.17707887, 0.4023854 , 0.20221141,
       1.96660714, 0.18987225, 0.23532842, 0.18280884, 1.16610229,
       0.29009316, 0.21492845, 0.17957601, 0.22814809, 0.20923886,
       0.18046339, 0.27930785, 0.24734358, 0.22601007, 3.46409663,
       0.1789021 , 2.55269023, 0.21479538, 0.1829844 , 0.19492794,
       0.17902313, 0.73336642, 1.5574209 , 2.99829642, 0.18589455,
       1.13817762, 0.29310477, 0.22001818, 0.17690194, 0.18537534,
       0.38014897, 0.20943327, 1.66899762, 0.18309267, 0.17633234,
       0.18360949, 0.22901372, 2.7260396 , 0.18032265, 0.22935235,
       0.20920886, 0.20148808, 0.20823766, 0.18374878, 1.77265384,
       0.22629823, 0.18330668, 1.14253173, 0.17949362, 0.18396326,
       2.76803258, 0.17854333, 1.01836084, 0.18390232, 0.18481962])],
r'$B$':['$[-]$', 'cal', [0.0, 3.0], 0.016, 0.685, array([2.09422982, 0.73451086, 2.81004182, 0.09586521, 0.11339005,
       0.69353812, 0.71576653, 0.0245567 , 0.59446369, 2.50553167,
       1.62560171, 1.08626509, 0.42902591, 0.65628165, 0.035847  ,
       0.89559074, 0.99425617, 0.03124248, 0.64045452, 0.12170065,
       0.96182178, 0.73444485, 0.76341537, 0.25084647, 0.05655159,
       0.72124115, 0.91537919, 0.02523121, 0.2743209 , 0.53285312,
       0.59620312, 0.63540498, 0.27897187, 1.69977604, 0.23980913,
       0.80616027, 0.71362896, 1.8321793 , 0.76690483, 0.0359741 ,
       0.77989375, 0.21181742, 0.01661455, 0.1760585 , 0.72125434,
       0.02917188, 1.0133947 , 0.45914648, 1.65496901, 0.06247138,
       0.31457018, 0.57907983, 1.09785912, 0.50477551, 0.72490556,
       1.82912874, 0.31757461, 0.42411419, 0.49565098, 0.01642197,
       2.53454598, 0.02187611, 0.57837129, 1.01962581, 0.7104278 ,
       0.97443019, 0.10429599, 0.03788626, 0.02306157, 0.97834942,
       0.04841682, 0.29187072, 0.48662526, 2.2952317 , 0.72585318,
       0.20724   , 0.61796902, 0.03663701, 1.43374188, 1.1712773 ,
       1.56247738, 0.58187391, 0.02024578, 1.79714108, 0.58117847,
       0.59022426, 0.7391134 , 0.59014098, 2.11183904, 0.03162094,
       0.47833845, 1.27225321, 0.06256169, 2.01289124, 2.84231919,
       0.0199045 , 1.81438377, 0.05837053, 0.78784529, 1.2376887 ])],
r'$C$':['$[dB]$', 'cal', [-30.0, -5.0], -19.898, 2.22, array([-25.91828554, -20.78531847, -24.39537247, -19.90195089,
       -21.91032974, -20.93759265, -19.20247454, -22.10194431,
       -21.3217899 , -17.58195744, -28.07578274, -19.3595048 ,
       -23.65927698, -24.81885926, -18.32422439, -23.57646736,
       -18.65801351, -18.99169673, -17.63144892, -19.2695536 ,
       -20.56465907, -22.16916787, -19.55521598, -18.43632619,
       -19.10310152, -19.10512963, -21.97262122, -18.42302496,
       -19.84983111, -20.05255279, -22.83003167, -19.97400871,
       -17.10901804, -18.73598677, -18.25141152, -19.01515974,
       -20.60390261, -18.85604703, -24.58979237, -24.34782895,
       -23.04717519, -22.80867497, -24.41235734, -18.95487913,
       -19.14637739, -18.46991166, -18.42915532, -22.03547556,
       -18.43868871, -28.74545307, -21.48592374, -25.08426801,
       -21.59474845, -21.46259986, -17.47233261, -16.3909707 ,
       -18.43807228, -24.28203808, -20.10877494, -17.88766637,
       -25.83690813, -17.76386027, -20.00696298, -18.7425213 ,
       -21.56126568, -20.08451719, -25.25561462, -16.90780487,
       -23.3016661 , -19.99021263, -20.60086061, -20.75685442,
       -25.88466874, -20.22589871, -18.69855235, -20.14894801,
       -19.00809535, -17.82847042, -18.24676594, -26.53794951,
       -18.20721027, -29.47320375, -18.37028622, -21.63359449,
       -19.26511758, -18.4979677 , -19.93352122, -23.52552076,
       -18.33862493, -16.97472131, -18.92004431, -19.48592043,
       -26.41159951, -17.68309434, -17.80711849, -18.88348453,
       -20.83082634, -21.94119983, -24.13022925, -16.65998478])],
r'$D$':['$[dB m^3/m^3]$', 'cal', [10.0, 100.0], 39.502, 16.206, array([70.97231945, 54.08755526, 60.46902883, 42.91957336, 48.599756  ,
       36.59687866, 43.15382253, 45.16105151, 39.00078819, 52.59294209,
       72.72870484, 60.03140137, 53.36625454, 47.09231813, 43.12225648,
       42.20291635, 50.81225192, 38.79268306, 29.58959257, 38.36863223,
       64.19166833, 48.93549332, 37.77443987, 27.81356068, 30.65295111,
       30.80191941, 68.25587549, 41.51652668, 47.69419015, 44.03008129,
       68.08096861, 33.2080736 , 23.71889662, 64.29618397, 30.70330548,
       38.07352668, 39.98092739, 44.01025673, 67.89498356, 44.54785541,
       66.40129239, 39.03336326, 36.10863523, 34.01196138, 49.68400369,
       27.68233428, 39.99710576, 45.25017722, 63.4177111 , 73.71596774,
       34.1856406 , 58.97432574, 45.94049314, 42.1899052 , 29.45639603,
       45.11872671, 35.36959211, 54.46905179, 30.83679314, 27.03411705,
       81.73928248, 30.12470877, 36.66973803, 41.5016028 , 42.20641344,
       42.1237513 , 59.76152107, 27.58339787, 38.46749427, 38.97097504,
       51.64851846, 50.11261058, 79.16726053, 66.33627898, 30.37412673,
       28.42891869, 54.2982848 , 23.92952451, 38.67557442, 81.89484294,
       34.94689265, 69.71796678, 38.98913836, 72.71585191, 40.35227018,
       52.10757497, 59.81631312, 48.09338843, 47.93419486, 24.20864401,
       43.43982599, 44.07903666, 52.58438183, 47.38764934, 48.42992477,
       29.37254815, 60.51060923, 50.80623476, 69.70723274, 48.01923387])],
r'$\delta_0$':['$[mm]$', 'cal', [1.0, 2.0], 1.0, 0.053, array([1.67873672, 1.00588754, 1.40892528, 1.03635658, 1.01963861,
       1.04740991, 1.0887638 , 1.75990934, 1.18300976, 1.00028046,
       1.6562902 , 1.04403055, 1.22493297, 1.25375867, 1.00822597,
       1.40658884, 1.03239178, 1.03764269, 1.01009921, 1.02041956,
       1.06779493, 1.14578259, 1.19101347, 1.00227765, 1.00612436,
       1.02429721, 1.03799481, 1.00256503, 1.116212  , 1.13831275,
       1.07542266, 1.17260164, 1.01757744, 1.02155676, 1.00210636,
       1.00037786, 1.03787567, 1.08838056, 1.06974754, 1.54900263,
       1.01053513, 1.56437525, 1.6191001 , 1.02512476, 1.02479566,
       1.00254593, 1.00976137, 1.17779288, 1.02342957, 1.9966597 ,
       1.19059625, 1.46162824, 1.07282118, 1.01547523, 1.00426886,
       1.05620779, 1.00496553, 1.00064971, 1.07625798, 1.00678836,
       1.56494595, 1.0018382 , 1.06313082, 1.00279372, 1.30923452,
       1.19840493, 1.52236471, 1.04589121, 1.66509832, 1.01835888,
       1.12673971, 1.14837943, 1.02727082, 1.0131951 , 1.00762109,
       1.01135826, 1.01476046, 1.00128359, 1.00270308, 1.01663839,
       1.00875793, 1.88098659, 1.0153814 , 1.05711124, 1.00001214,
       1.00498195, 1.15723981, 1.004317  , 1.00432976, 1.02067888,
       1.02147789, 1.00422226, 1.55360901, 1.02010633, 1.00127684,
       1.01287985, 1.00873154, 1.00440001, 1.01160085, 1.03246854])],
r'$W_{fc}$':['$[m^3/m^3]$', 'cal', [0.2, 0.4], 0.246, 0.101, array([0.28873582, 0.24069287, 0.33906777, 0.24496252, 0.26256664,
       0.34514914, 0.26759153, 0.25572171, 0.33216082, 0.26214181,
       0.29056079, 0.20927369, 0.25904096, 0.33019333, 0.21636481,
       0.36875968, 0.23140305, 0.25234445, 0.33643279, 0.26350299,
       0.20561377, 0.26901974, 0.31521527, 0.34771246, 0.31930684,
       0.3659852 , 0.20975544, 0.22172397, 0.23272682, 0.27081734,
       0.21527745, 0.36165594, 0.37608141, 0.20287957, 0.31838953,
       0.30612104, 0.31649358, 0.30823872, 0.24534514, 0.30363462,
       0.22740662, 0.34068629, 0.37738788, 0.29654908, 0.23233407,
       0.33495087, 0.28647103, 0.29570389, 0.20167206, 0.2445911 ,
       0.35894055, 0.26033138, 0.31447115, 0.30882889, 0.34483082,
       0.2526661 , 0.28053107, 0.27896398, 0.37867136, 0.32951683,
       0.26120894, 0.29218954, 0.32150003, 0.27262396, 0.31797527,
       0.29916228, 0.24414873, 0.2949968 , 0.32579735, 0.32897513,
       0.21525242, 0.23455495, 0.21583226, 0.23549793, 0.35658982,
       0.38880451, 0.20491622, 0.36759195, 0.31540946, 0.2393083 ,
       0.35244524, 0.28495844, 0.23273143, 0.22054035, 0.27941736,
       0.20682532, 0.20446334, 0.31001881, 0.2836588 , 0.34648704,
       0.24829582, 0.29618929, 0.29915808, 0.2676799 , 0.29607896,
       0.3206666 , 0.25190873, 0.23856895, 0.22915837, 0.21870789])],
r'$W_w$':['$[m^3/m^3]$', 'cal', [0.07, 0.17], 0.143, 0.045, array([0.14874225, 0.12528888, 0.1571189 , 0.09612667, 0.14297497,
       0.13177069, 0.15436048, 0.10268945, 0.16959984, 0.15229852,
       0.12232523, 0.09799401, 0.07115089, 0.10867605, 0.09256653,
       0.1680658 , 0.13375629, 0.11554824, 0.13420748, 0.10164709,
       0.14884476, 0.09713208, 0.1340356 , 0.12714567, 0.12180843,
       0.14887939, 0.15080158, 0.07330699, 0.12215012, 0.11806487,
       0.12539913, 0.15801233, 0.11205487, 0.15766711, 0.13446761,
       0.11362892, 0.15151725, 0.15611244, 0.14944207, 0.09779529,
       0.13099867, 0.16916183, 0.0858911 , 0.13989108, 0.09365581,
       0.11210109, 0.15538489, 0.15637625, 0.149222  , 0.10049677,
       0.14889811, 0.09959731, 0.16833193, 0.16237117, 0.11087972,
       0.16477539, 0.12839862, 0.16899375, 0.15440821, 0.0978536 ,
       0.13058683, 0.08630956, 0.12615783, 0.11744578, 0.15589616,
       0.13110262, 0.11214988, 0.09481157, 0.09947767, 0.15970377,
       0.10520599, 0.10767672, 0.14102937, 0.12296257, 0.15153712,
       0.14930504, 0.15807757, 0.1010385 , 0.15480469, 0.15819006,
       0.15536691, 0.11658257, 0.10149096, 0.16613598, 0.10593355,
       0.08741746, 0.15069001, 0.16594188, 0.10322569, 0.09998615,
       0.1115233 , 0.11227044, 0.13375644, 0.155471  , 0.1277919 ,
       0.12444817, 0.15906784, 0.12879708, 0.14882128, 0.1519971 ])],
r'$\rho_{st}$':['$[mm/h]$', 'cal', [0.1, 0.8], 0.316, 0.136, array([0.16332169, 0.30499493, 0.17402779, 0.24298757, 0.22609813,
       0.18158261, 0.38366884, 0.39548713, 0.26177771, 0.41881307,
       0.10148536, 0.37570292, 0.5994244 , 0.59617609, 0.43323958,
       0.15749864, 0.40359726, 0.38403252, 0.4674799 , 0.29739539,
       0.31955774, 0.44060193, 0.33652247, 0.34016025, 0.3023651 ,
       0.36472431, 0.27069285, 0.35162751, 0.34557646, 0.3185502 ,
       0.23385204, 0.32149841, 0.54030515, 0.38622511, 0.43176653,
       0.31411334, 0.29326366, 0.39154077, 0.17735516, 0.50247968,
       0.23213447, 0.17542636, 0.58236635, 0.3837195 , 0.36395178,
       0.33961816, 0.4117587 , 0.21860748, 0.4035488 , 0.40454143,
       0.15948387, 0.53434321, 0.28241191, 0.25658451, 0.44844195,
       0.52355957, 0.42329336, 0.17304136, 0.25025168, 0.39650074,
       0.15904103, 0.4702743 , 0.2471422 , 0.41810559, 0.25919164,
       0.3159842 , 0.46930663, 0.56498517, 0.59232041, 0.33851041,
       0.29840128, 0.27288198, 0.13772788, 0.33727708, 0.4185783 ,
       0.20535566, 0.3874154 , 0.37281706, 0.41145195, 0.16152032,
       0.40827125, 0.57229388, 0.41783451, 0.28397139, 0.24899314,
       0.42417888, 0.33509234, 0.17331871, 0.33070511, 0.55625407,
       0.39503852, 0.28042313, 0.43092917, 0.43760096, 0.42033066,
       0.35520955, 0.3070437 , 0.19379747, 0.19814864, 0.52739827])],
r'$K_{c0}$':['$[-]$', 'cal', [0.0, 2.0], 0.558, 0.215, array([0.40462087, 0.60902497, 0.39243779, 0.51575932, 0.45751781,
       0.42500393, 0.6870967 , 0.30578101, 0.51324091, 0.77288252,
       0.27272765, 0.72739373, 0.19040404, 0.18022992, 0.8194988 ,
       0.35834468, 0.76347689, 0.72696428, 0.82726295, 0.60114608,
       0.59531813, 0.22485722, 0.66389613, 0.66765784, 0.61605614,
       0.60056513, 0.53569937, 0.69059672, 0.66992381, 0.61353935,
       0.46957939, 0.62508049, 0.97221005, 0.67919777, 0.81058028,
       0.62824875, 0.55748631, 0.73706252, 0.41515716, 0.19834814,
       0.44003876, 0.41406276, 0.20804303, 0.73052569, 0.67039325,
       0.66457967, 0.70485728, 0.48025428, 0.70928205, 0.19040863,
       0.39503576, 0.20270999, 0.52181517, 0.45942871, 0.83725425,
       0.9574605 , 0.72427624, 0.24724248, 0.53664546, 0.749416  ,
       0.39819412, 0.79548575, 0.52980409, 0.57002919, 0.54453641,
       0.63513339, 0.18814399, 0.8305864 , 0.23725498, 0.6336585 ,
       0.60282233, 0.51422134, 0.35041858, 0.58954002, 0.71284834,
       0.46270047, 0.68139522, 0.7227187 , 0.71957587, 0.37239665,
       0.73147171, 0.18890334, 0.64330907, 0.53619005, 0.53317117,
       0.78648955, 0.66826736, 0.31166522, 0.66163982, 0.98439514,
       0.72423588, 0.58309242, 0.17572734, 0.81920193, 0.56930957,
       0.64114929, 0.54254412, 0.35546558, 0.40043578, 0.95930692])],
}