PAR_dict={
r'$A$':['$[-]$', 'cal', [0.0, 5.0], 0.303, 0.085, array([0.36240038, 0.34961977, 0.55686897, 0.34521662, 0.34069458,
       0.36104542, 0.34514568, 0.33556688, 0.35387662, 0.3449015 ,
       0.35706967, 0.37473151, 0.35899694, 0.35139686, 0.36328476,
       0.35190716, 0.34567647, 1.1404246 , 0.34546263, 0.33685938,
       0.33873493, 0.34185161, 0.33756989, 0.33166807, 0.34253743,
       0.38865606, 1.37444488, 0.34098593, 0.36418443, 0.34286239,
       0.34915181, 0.34499012, 0.34912246, 0.40763463, 0.31897422,
       0.34992391, 0.3412348 , 0.35113869, 0.35131136, 0.34705154,
       0.34036838, 0.34631095, 0.32261748, 0.35612803, 0.34580806,
       0.34738394, 0.34269778, 0.35066889, 0.36891261, 0.34179665,
       2.53794527, 0.34315898, 0.74521373, 0.34355781, 0.34860201,
       0.344758  , 0.35035367, 0.34761446, 0.58275811, 0.34579888,
       0.34393728, 0.3508277 , 0.36305718, 0.35584528, 0.34684429,
       0.32711761, 0.34562335, 0.34478673, 0.96365981, 0.33373035,
       0.46658065, 0.34836214, 0.34628225, 0.35607131, 0.34146342,
       0.36822429, 0.34195814, 0.35100608, 0.3027462 , 0.34237155,
       0.34700336, 0.45901569, 0.34093367, 0.34498305, 0.35528033,
       0.36438533, 0.46123899, 0.35458073, 0.33625284, 0.34668185,
       0.35507917, 0.3608338 , 0.34523526, 0.36244123, 0.34699563,
       1.47343956, 0.34324503, 0.32388007, 0.34775315, 0.34766217])],
r'$B$':['$[-]$', 'cal', [0.0, 3.0], 0.55, 0.12, array([0.6049739 , 0.67299302, 0.24399227, 0.70720688, 0.73939762,
       0.60453532, 0.69845894, 0.89070535, 0.64736911, 0.70307236,
       0.63187729, 0.56917383, 0.60650066, 0.6553521 , 0.61277711,
       0.66022681, 0.71911001, 0.11914565, 0.69466205, 0.76617453,
       0.80001111, 0.71061132, 0.75161604, 0.75764607, 0.94543704,
       0.49561473, 0.06994013, 0.74448374, 0.77767628, 0.71769646,
       0.67259853, 0.70784164, 0.67359502, 0.37734868, 1.29816508,
       0.66327824, 0.74732676, 0.66068284, 0.6559047 , 0.68797694,
       0.74805837, 0.69945511, 0.86672866, 0.63813575, 0.69971412,
       0.68053475, 0.71210359, 0.66079092, 0.59883128, 0.74625369,
       0.0349462 , 0.7212248 , 0.15150228, 0.72157105, 0.67637599,
       0.69771469, 0.67331425, 0.68506344, 0.23079697, 0.69351598,
       0.70786043, 0.84444997, 0.59582683, 0.6383405 , 0.69439993,
       1.00520953, 0.69899147, 0.71602599, 0.14493557, 0.75758955,
       0.3480443 , 0.68246358, 0.69470579, 0.63383175, 0.79391139,
       0.61160101, 0.70753283, 0.66776571, 1.43860007, 0.88295514,
       0.88773378, 0.35660772, 0.71586854, 0.7191156 , 0.63564114,
       0.58633378, 0.35315748, 0.65464309, 0.79180025, 0.81376948,
       0.64134078, 0.7857498 , 0.70168332, 0.62589556, 0.68669676,
       0.06547068, 0.7151825 , 2.43794384, 0.68270623, 0.87705648])],
r'$C$':['$[dB]$', 'cal', [-30.0, -5.0], -14.57, 0.187, array([-14.6097775 , -14.50079625, -14.59518377, -14.38056948,
       -14.36601507, -14.41675115, -14.51356597, -17.10141414,
       -14.56066958, -14.53404492, -14.39409402, -14.24234537,
       -14.39696496, -14.56225247, -14.29681686, -14.5178093 ,
       -14.84499145, -18.79370948, -14.532293  , -14.56494538,
       -16.7704568 , -14.47885706, -14.58639344, -14.76548987,
       -19.15746222, -14.65952709, -14.77003498, -14.78021991,
       -18.74287972, -14.40089614, -14.41188952, -14.4701099 ,
       -14.51725557, -14.628399  , -20.39112177, -14.47230427,
       -14.82714566, -14.53608247, -14.51397059, -14.50804139,
       -14.48970384, -14.53165051, -15.75185571, -14.42674247,
       -14.37486398, -14.5723337 , -14.35733462, -14.53977603,
       -14.49670612, -14.49454168, -14.7859891 , -14.49266705,
       -14.76302325, -14.48834493, -14.51253669, -14.51888052,
       -14.51691139, -14.53907958, -14.57383827, -14.53543741,
       -14.42803855, -19.11391666, -14.59836334, -14.45475601,
       -14.4485128 , -19.33741671, -14.52789684, -14.39523101,
       -18.78648954, -14.81762773, -14.56278011, -14.53415292,
       -14.53323701, -14.39000411, -16.8330386 , -15.90556804,
       -14.54558563, -14.38003561, -19.46739981, -19.06916861,
       -19.13207535, -14.5561311 , -14.54174789, -14.49879131,
       -14.59524373, -14.46394645, -14.58637043, -14.32164139,
       -14.75272589, -17.63496549, -14.3970001 , -19.03052931,
       -14.53527484, -14.43426581, -14.52605427, -14.58410374,
       -14.37452407, -19.89240561, -14.52078823, -19.16953476])],
r'$D$':['$[dB m^3/m^3]$', 'cal', [10.0, 100.0], 26.881, 1.815, array([28.92981858, 29.29950636, 24.77323713, 28.24233709, 28.25727027,
       27.6364422 , 28.57830089, 39.98152209, 30.01193208, 30.67297376,
       26.52431977, 25.8245728 , 27.91991863, 28.04540539, 26.00518397,
       27.22466547, 29.42727231, 39.74819045, 29.50553967, 33.05676448,
       38.4884809 , 28.87120744, 30.6575082 , 29.8370671 , 46.66658551,
       29.28184929, 26.97327083, 29.17198926, 39.29528885, 30.111345  ,
       27.56264636, 27.76959302, 27.60042812, 27.27134402, 52.33510658,
       30.05624623, 30.32122542, 29.63288906, 27.29904244, 27.72559378,
       30.40232881, 31.03471188, 36.39733776, 28.02559964, 27.22249381,
       30.62469234, 26.83718301, 28.72250966, 27.80709122, 32.09831967,
       27.51534921, 27.77629729, 26.76448827, 28.07373216, 28.17247605,
       28.56167843, 30.25844137, 30.49260565, 24.99480659, 29.56166139,
       28.30880626, 46.03316287, 28.78939048, 29.24158808, 29.67904118,
       47.40826723, 29.45501451, 31.16776467, 39.62769081, 30.36291722,
       28.35965233, 30.4757295 , 30.57903639, 27.38313939, 38.58231477,
       35.28687539, 30.65053764, 27.60850107, 50.12164682, 46.04713924,
       46.27756688, 25.15040846, 30.14497882, 30.20991088, 30.91033974,
       28.31565717, 26.42122217, 26.24672528, 30.13581706, 41.1958864 ,
       26.49896545, 45.0191304 , 31.61513469, 28.84848005, 29.22193654,
       25.3094958 , 28.00841122, 57.43634442, 29.0815479 , 46.28171451])],
r'$\delta_0$':['$[mm]$', 'fix', ['/', '/'], 1, '/'],
r'$W_{fc}$':['$[m^3/m^3]$', 'cal', [0.29, 0.35], 0.315, 0.036, array([0.32480179, 0.31876992, 0.34840529, 0.33025073, 0.33213678,
       0.32978962, 0.33086406, 0.29006861, 0.31379245, 0.30947517,
       0.34607752, 0.3496617 , 0.32877994, 0.3350276 , 0.3496866 ,
       0.34455806, 0.32402148, 0.29017014, 0.32090777, 0.29402239,
       0.29000333, 0.32699648, 0.314377  , 0.3226548 , 0.29012924,
       0.31125359, 0.3157104 , 0.32874891, 0.32599716, 0.31116386,
       0.33844189, 0.33744662, 0.34092385, 0.3231061 , 0.29010023,
       0.30945848, 0.31423072, 0.31901482, 0.34314816, 0.34014563,
       0.31364897, 0.3038214 , 0.29038273, 0.33123735, 0.34164139,
       0.31080191, 0.34664923, 0.32745772, 0.33313853, 0.2983899 ,
       0.30684672, 0.33935981, 0.31998178, 0.33575306, 0.33398421,
       0.33120024, 0.31106122, 0.31025262, 0.34622304, 0.32022362,
       0.33134343, 0.29000232, 0.32684777, 0.31831144, 0.31587307,
       0.29022062, 0.32189809, 0.30085421, 0.29296136, 0.31835491,
       0.31329018, 0.31014826, 0.30987172, 0.33521161, 0.29097747,
       0.29200724, 0.30982967, 0.33505406, 0.29041534, 0.29002894,
       0.29001775, 0.34963314, 0.31542961, 0.31432048, 0.30419734,
       0.32739336, 0.33643529, 0.34932685, 0.32116272, 0.29001375,
       0.34631966, 0.29001288, 0.30018142, 0.32165341, 0.32333535,
       0.32581028, 0.33334317, 0.2900097 , 0.32439717, 0.290013  ])],
r'$W_w$':['$[m^3/m^3]$', 'cal', [0.06, 0.12], 0.095, 0.004, array([0.10108194, 0.09215281, 0.10378105, 0.09360568, 0.0940507 ,
       0.09275594, 0.10003501, 0.11686581, 0.09514173, 0.09400264,
       0.09762301, 0.09792311, 0.09330868, 0.10161193, 0.09818811,
       0.10415837, 0.09393205, 0.11901108, 0.09717305, 0.09216235,
       0.11251079, 0.09761242, 0.09862148, 0.09792893, 0.11807446,
       0.09125323, 0.09890155, 0.09891655, 0.11999392, 0.08858263,
       0.09880836, 0.09744616, 0.10326506, 0.10215512, 0.1195768 ,
       0.08815164, 0.08964344, 0.09856339, 0.10356515, 0.10313748,
       0.09532154, 0.08924598, 0.11155361, 0.0973801 , 0.09651157,
       0.09698226, 0.09780483, 0.0993612 , 0.0994028 , 0.09026992,
       0.09633608, 0.09886593, 0.10173313, 0.09792238, 0.10130025,
       0.10047672, 0.0940062 , 0.0942392 , 0.1038881 , 0.09722043,
       0.09658185, 0.11906258, 0.10157144, 0.09350363, 0.09213306,
       0.11825938, 0.09771328, 0.08603156, 0.11950094, 0.09612316,
       0.09388016, 0.09406841, 0.09399969, 0.09492804, 0.11912256,
       0.11923764, 0.09398416, 0.09483018, 0.11539745, 0.11631146,
       0.1195322 , 0.10205408, 0.09580137, 0.0954913 , 0.09182466,
       0.09808979, 0.10075657, 0.09791691, 0.09700905, 0.11968875,
       0.09762636, 0.11764647, 0.09072718, 0.09447256, 0.09813829,
       0.09235422, 0.09440121, 0.11606935, 0.09817217, 0.11969837])],
r'$\rho_{st}$':['$[mm/h]$', 'fix', ['/', '/'], 0.4, '/'],
r'$K_{c0}$':['$[-]$', 'cal', [0.0, 2.0], 0.279, 0.006, array([0.29284152, 0.27570966, 0.29824737, 0.28310791, 0.28295001,
       0.28280535, 0.28334588, 0.12978941, 0.28458525, 0.28489821,
       0.28193716, 0.29296238, 0.30443136, 0.28334039, 0.28182477,
       0.28166246, 0.21637259, 0.09936167, 0.28402172, 0.29543178,
       0.13205057, 0.28304173, 0.282892  , 0.28409339, 0.09979527,
       0.2724196 , 0.31335674, 0.22956851, 0.10035154, 0.28457979,
       0.29152415, 0.27092528, 0.28297389, 0.29610864, 0.0964849 ,
       0.28472502, 0.21448235, 0.29293806, 0.28264491, 0.28307637,
       0.28497468, 0.27358915, 0.1747776 , 0.29323401, 0.28227463,
       0.29351128, 0.28197244, 0.28372501, 0.28261815, 0.28554171,
       0.31409253, 0.27106056, 0.3047404 , 0.27129391, 0.28338825,
       0.28353823, 0.2848217 , 0.28485685, 0.30331426, 0.28418116,
       0.28273162, 0.10007726, 0.29265056, 0.29299473, 0.28343941,
       0.10001316, 0.28406084, 0.28552513, 0.10002893, 0.23011352,
       0.30525034, 0.28477795, 0.28481566, 0.28288484, 0.13071152,
       0.16995971, 0.28480702, 0.28274187, 0.09960912, 0.10123234,
       0.10080209, 0.29410922, 0.28449497, 0.28470399, 0.28496387,
       0.30442285, 0.28289659, 0.28146802, 0.22994196, 0.11682021,
       0.28196546, 0.0997862 , 0.28530084, 0.29305982, 0.28396644,
       0.30471572, 0.28288794, 0.0954715 , 0.28376856, 0.1002614 ])],
}