PAR_dict={
r'$A$':['$[-]$', 'cal', [0.0, 5.0], 0.322, 0.141, array([0.3461318 , 2.04557702, 0.32189167, 0.35288022, 0.34267223,
       0.36126974, 2.0375678 , 0.34843345, 0.34725139, 0.34577237,
       0.3581536 , 0.34522596, 0.42953443, 0.3468915 , 0.36435841,
       0.34901522, 0.3293012 , 0.35308371, 0.7381299 , 0.37887689,
       0.80337262, 0.34045867, 0.34708799, 0.35125252, 0.34485901,
       2.41062966, 0.37927735, 0.36788967, 0.34738943, 0.33152823,
       0.35587297, 0.35261686, 0.3461482 , 0.33475215, 1.44464722,
       1.09027775, 0.34209077, 0.34093597, 0.35804653, 0.34366159,
       0.34486255, 0.34568306, 0.34698193, 0.34545659, 0.34312266,
       0.3439516 , 0.35632768, 0.37379166, 0.34837915, 0.34237587,
       0.34461984, 0.34872981, 0.35128808, 0.3461374 , 0.64891221,
       0.37358402, 0.321607  , 0.34251246, 0.35267062, 0.34251333,
       0.34672497, 0.33602649, 0.34921941, 0.33687442, 0.34624001,
       0.65711233, 0.38271268, 0.35160675, 0.34413849, 0.34693201,
       0.33992095, 0.34959719, 0.33860645, 0.3440105 , 0.34568992,
       0.34266411, 0.34198138, 0.34283769, 0.34658744, 1.8261565 ,
       0.36453832, 0.72925241, 0.35067497, 0.34470151, 0.34611997,
       0.3423282 , 0.34445276, 0.34868789, 0.3447822 , 0.36822896,
       0.33124533, 2.46473296, 0.37018434, 3.99482822, 0.34563207,
       0.3523274 , 0.33027739, 0.3450028 , 0.34250348, 0.34625675])],
r'$B$':['$[-]$', 'cal', [0.0, 3.0], 0.642, 0.094, array([0.69490861, 0.04362703, 1.62365164, 0.66516398, 0.71436751,
       0.61389585, 0.0593101 , 0.67621874, 0.68702644, 0.69368557,
       0.6253421 , 0.71208031, 0.39678955, 0.69533082, 0.58162604,
       0.86918048, 0.57575059, 0.6684624 , 0.16075643, 0.53108683,
       0.14215534, 0.73264408, 0.86973932, 0.65841983, 0.70566893,
       0.03730029, 0.52665062, 0.57700871, 0.68473616, 0.95129969,
       0.62874176, 0.65158369, 0.70040984, 0.78340897, 0.06644374,
       0.09340993, 0.77571147, 0.71498402, 0.61667345, 0.71568799,
       0.71070393, 0.69945153, 0.69213808, 0.72488985, 0.71819964,
       0.7008813 , 0.64630099, 0.56840368, 0.6827643 , 0.71368716,
       0.703021  , 0.68122434, 0.67831654, 0.69516609, 0.1867026 ,
       0.54784636, 0.92253937, 0.91358558, 0.68292002, 0.71484007,
       0.6868186 , 0.90723178, 0.68277883, 0.73308101, 0.69970884,
       0.18726513, 0.64901189, 0.83624153, 0.91482561, 0.68928112,
       0.7620433 , 0.67055794, 0.77696515, 0.72482701, 0.70367656,
       0.70161616, 0.72758816, 0.71540035, 0.70067797, 0.05047133,
       0.62469604, 0.20568095, 0.66966594, 0.6922571 , 0.69504741,
       0.72786477, 0.71997015, 0.67597972, 0.70520009, 0.61515742,
       1.10221996, 0.03648332, 0.55740918, 0.02176733, 0.70165134,
       0.65271571, 0.81547532, 0.82465974, 0.72067882, 0.69055916])],
r'$C$':['$[dB]$', 'cal', [-30.0, -5.0], -14.729, 0.297, array([-14.53813778, -14.69915186, -21.23623458, -14.47067602,
       -14.54856446, -14.50761743, -18.69344426, -14.44266148,
       -14.49339895, -14.54557206, -14.4528244 , -14.46584769,
       -14.62927567, -14.46391447, -14.58798474, -18.99013455,
       -14.70447433, -14.78532627, -14.71442759, -14.48187335,
       -14.67956017, -14.36404855, -19.25353835, -14.59854113,
       -14.39989194, -14.58625501, -14.42735738, -14.4816725 ,
       -14.51960637, -19.21580986, -14.51231755, -14.39484077,
       -14.47401555, -14.43958266, -14.68910562, -14.72256231,
       -16.71255065, -14.47175165, -14.40738768, -14.47115947,
       -14.49383045, -14.36858215, -14.58345388, -14.75054263,
       -14.49047588, -14.45220818, -14.50989984, -14.591919  ,
       -14.51044621, -14.58392983, -14.45086387, -14.39921243,
       -14.46732445, -14.535133  , -14.6672215 , -14.59273251,
       -14.72147096, -19.30066067, -14.351959  , -14.38176462,
       -14.51594819, -17.93300571, -14.50666973, -15.52452164,
       -14.40803387, -14.77747939, -18.90048164, -19.05349209,
       -19.05377287, -14.52679267, -14.47434974, -14.52950374,
       -14.71922783, -14.50830517, -14.54152339, -14.40397841,
       -14.46438333, -14.50494727, -14.47206686, -14.65618261,
       -14.23942059, -18.81516366, -14.43237944, -14.55077406,
       -14.51622365, -14.50684604, -14.52648792, -14.51320393,
       -14.4839371 , -16.83763135, -19.33313244, -14.70592638,
       -14.45647983, -14.67187933, -14.45215857, -14.41437505,
       -14.81477917, -16.59078381, -14.36190808, -14.48927896])],
r'$D$':['$[dB m^3/m^3]$', 'cal', [10.0, 100.0], 26.74, 2.109, array([30.80238843, 26.28165495, 57.03022222, 30.34542535, 31.54947847,
       27.8487004 , 38.86541965, 27.33245904, 29.2811006 , 31.63827106,
       28.50977665, 29.68496512, 26.98190386, 28.7358963 , 27.46071997,
       45.75983757, 27.49128231, 28.24037516, 26.70214501, 26.88067097,
       24.6480413 , 28.09136353, 46.15076708, 31.4837985 , 30.07827926,
       24.47018406, 25.94150751, 28.67195756, 28.86802548, 46.7567707 ,
       26.63546682, 27.58635329, 29.55368163, 27.95701708, 25.68591372,
       26.40385404, 35.7076235 , 30.89421916, 27.37401456, 27.94404475,
       30.37048219, 27.30270588, 30.99176142, 30.79732425, 30.23428328,
       27.54249194, 27.93639715, 26.86401373, 28.41578682, 29.15680776,
       27.69421475, 28.81332562, 28.20909493, 30.26461411, 27.04953469,
       28.96464265, 29.77676026, 46.88562678, 27.18239268, 28.43957852,
       28.28071119, 42.78257035, 30.29328687, 30.49213997, 29.87984881,
       26.75916702, 44.06521839, 45.56707966, 46.26315091, 29.52044343,
       29.81881851, 29.29678246, 32.84611962, 30.98018442, 31.16559744,
       27.71580669, 27.07744757, 29.56889137, 29.6523671 , 25.68115242,
       28.87863274, 40.41809881, 27.7627247 , 29.06735838, 29.39798663,
       30.20776419, 31.74434474, 28.58407198, 27.29022879, 37.15521089,
       48.30564927, 26.10125309, 26.1590164 , 26.90351933, 28.09031554,
       28.35722785, 30.12777167, 37.7306656 , 27.4772595 , 27.91508421])],
r'$\delta_0$':['$[mm]$', 'fix', ['/', '/'], 1, '/'],
r'$W_{fc}$':['$[m^3/m^3]$', 'cal', [0.29, 0.35], 0.323, 0.035, array([0.30771287, 0.31703723, 0.29003879, 0.30782203, 0.30149719,
       0.33286274, 0.29004686, 0.34072481, 0.32122281, 0.2995749 ,
       0.32575993, 0.31644921, 0.33138029, 0.32821094, 0.33583886,
       0.29000305, 0.34371213, 0.33427319, 0.32341794, 0.33888656,
       0.34584274, 0.33334461, 0.29101829, 0.30178251, 0.31077479,
       0.33458139, 0.34821966, 0.32037734, 0.32693517, 0.29000991,
       0.34910119, 0.33458128, 0.31725451, 0.33958331, 0.32590201,
       0.32060221, 0.30933281, 0.30499091, 0.3335908 , 0.3359504 ,
       0.30980736, 0.34050634, 0.30521503, 0.30515465, 0.31146067,
       0.34132878, 0.33513069, 0.34709485, 0.33167805, 0.32804713,
       0.33947523, 0.32253261, 0.33301901, 0.31294368, 0.31679909,
       0.32084386, 0.33073057, 0.2900436 , 0.34210626, 0.32807596,
       0.33365627, 0.29006152, 0.31149035, 0.32937593, 0.3128744 ,
       0.32425977, 0.29004112, 0.29015967, 0.29002869, 0.32027352,
       0.32059886, 0.32149957, 0.2913014 , 0.30407566, 0.30513987,
       0.33792061, 0.34752735, 0.32040491, 0.31619224, 0.32381908,
       0.31695198, 0.29112171, 0.33534868, 0.32625822, 0.32167923,
       0.31489702, 0.30057688, 0.32922595, 0.34385061, 0.29141982,
       0.29000006, 0.31889305, 0.34927794, 0.30612787, 0.33311326,
       0.32553384, 0.32313556, 0.29454874, 0.33975236, 0.33715356])],
r'$W_w$':['$[m^3/m^3]$', 'cal', [0.06, 0.12], 0.095, 0.005, array([0.09349344, 0.09508147, 0.11915583, 0.08954886, 0.0915777 ,
       0.0996893 , 0.11980759, 0.09949068, 0.09550169, 0.09057984,
       0.09547445, 0.09114865, 0.10113325, 0.09891293, 0.09839565,
       0.11976098, 0.0940648 , 0.09983044, 0.09903962, 0.09885731,
       0.1034149 , 0.09439258, 0.1181926 , 0.09422561, 0.08861009,
       0.09476291, 0.10160308, 0.09404753, 0.09920208, 0.11891945,
       0.10405761, 0.09477633, 0.09170444, 0.09851262, 0.09752622,
       0.09844361, 0.11742088, 0.0890473 , 0.09447523, 0.09701921,
       0.08933176, 0.09617782, 0.09102612, 0.08169242, 0.08964578,
       0.10240343, 0.1014737 , 0.10786619, 0.10026979, 0.10226208,
       0.10015036, 0.09163724, 0.10038566, 0.0950187 , 0.09375496,
       0.10087643, 0.09932336, 0.11816286, 0.09912941, 0.09281715,
       0.10120675, 0.11907719, 0.09423473, 0.11046518, 0.08918171,
       0.10154127, 0.11942429, 0.11959266, 0.11922888, 0.09722469,
       0.09730076, 0.09729996, 0.08182721, 0.08675322, 0.09261323,
       0.09857384, 0.10094663, 0.09634566, 0.09135625, 0.0970419 ,
       0.089555  , 0.11972525, 0.09747848, 0.09863845, 0.09739837,
       0.09544814, 0.09131673, 0.09956221, 0.10055893, 0.11985535,
       0.11773797, 0.0956085 , 0.10139395, 0.0918064 , 0.09623666,
       0.09251029, 0.09954443, 0.10902872, 0.09602922, 0.10095543])],
r'$\rho_{st}$':['$[mm/h]$', 'fix', ['/', '/'], 0.4, '/'],
r'$K_{c0}$':['$[-]$', 'cal', [0.0, 2.0], 0.273, 0.007, array([0.28502396, 0.30511164, 0.08898334, 0.28397534, 0.28545277,
       0.28280136, 0.10104366, 0.2825548 , 0.28275879, 0.2853879 ,
       0.29245125, 0.27261454, 0.29144428, 0.28335334, 0.27143212,
       0.10135099, 0.30554917, 0.22927182, 0.30476104, 0.29149656,
       0.30317554, 0.28287765, 0.09985424, 0.29424017, 0.28467943,
       0.30412773, 0.28227209, 0.29283029, 0.28374968, 0.10071388,
       0.28174134, 0.28295962, 0.27569889, 0.27103206, 0.3045239 ,
       0.3049618 , 0.13021799, 0.28423201, 0.28289993, 0.27099077,
       0.27303287, 0.28233438, 0.27317606, 0.21655279, 0.27217788,
       0.28150761, 0.28322636, 0.29145121, 0.28329393, 0.28385415,
       0.28332245, 0.28374227, 0.28307484, 0.2846648 , 0.3050972 ,
       0.29453703, 0.22948317, 0.09986272, 0.27824759, 0.28316633,
       0.28340306, 0.11440011, 0.28457325, 0.17390535, 0.28454859,
       0.29288336, 0.10211699, 0.10070407, 0.10065839, 0.28416473,
       0.28425748, 0.28395021, 0.23095178, 0.2660218 , 0.2851437 ,
       0.29143125, 0.27054468, 0.28374331, 0.27572474, 0.30476345,
       0.30527875, 0.0997882 , 0.28240348, 0.28587135, 0.28399957,
       0.28445766, 0.28550909, 0.2834454 , 0.27082655, 0.13087455,
       0.09977408, 0.30494147, 0.29084717, 0.30595591, 0.275038  ,
       0.28376067, 0.23672384, 0.13092019, 0.2824068 , 0.28253742])],
}