PAR_dict={
r'$A$':['$[-]$', 'cal', [0.0, 5.0], 0.178, 0.106, array([0.23008243, 0.34156009, 0.18498048, 0.2309923 , 0.43203446,
       0.44581302, 0.18829538, 0.19107326, 0.39941698, 0.19233765,
       0.20399505, 0.18192903, 0.180094  , 0.18567104, 0.8717832 ,
       0.23874084, 1.04154669, 0.45660398, 1.08240387, 0.18577512,
       0.89162465, 0.77248627, 0.37023848, 0.1798478 , 0.18428905,
       0.59132601, 0.29360325, 2.09675237, 0.21243045, 0.1980925 ,
       0.1804169 , 0.50219246, 0.20950309, 0.1932256 , 0.25282552,
       0.30831328, 0.24280972, 0.20520225, 0.18177608, 0.47554638,
       2.11631126, 0.18077292, 0.24319315, 0.20495457, 0.48798641,
       0.20726813, 0.21026151, 0.18034373, 0.18041784, 0.21271785,
       0.18292929, 0.32183323, 0.25003474, 0.17964549, 0.18112862,
       0.18302299, 0.18124277, 1.57244423, 0.69732827, 0.18281634,
       0.73882928, 0.18740736, 0.18390801, 0.23692379, 0.24590809,
       0.17983517, 0.28718591, 0.18142523, 0.18406372, 0.40311635,
       1.46766172, 0.18922127, 0.18462178, 0.21650842, 0.58117058,
       0.17957028, 0.3707675 , 0.21274408, 0.18077383, 0.19186133,
       0.51290488, 0.2719729 , 0.46050187, 0.2051401 , 1.08882047,
       0.1801694 , 1.39608433, 0.40909822, 0.18371109, 0.18220249,
       0.53554464, 0.18430711, 0.19304496, 0.20646321, 0.18387124,
       0.17760252, 0.42425992, 1.7886781 , 0.63140398, 0.2218338 ])],
r'$B$':['$[-]$', 'cal', [0.0, 3.0], 0.027, 0.547, array([0.47527295, 0.23406965, 1.23671721, 0.49577996, 0.16420259,
       0.18831159, 1.02387553, 0.8197856 , 0.18778854, 0.78007997,
       0.70066192, 1.8731969 , 1.52473842, 2.00044701, 0.07101789,
       0.49073657, 0.05859876, 0.15730776, 0.05589979, 0.99561851,
       0.06876696, 0.08135518, 0.21116785, 1.9160512 , 1.25699396,
       0.1299141 , 0.33471517, 0.02723622, 0.61285683, 0.74605562,
       1.7829493 , 0.13922418, 0.62161631, 0.82968652, 0.40276797,
       0.29406545, 0.44067231, 0.68287052, 1.80421147, 0.14827323,
       0.02685408, 1.83315328, 0.43725083, 0.64616874, 0.14041139,
       0.62582687, 0.63680003, 2.33852836, 2.84609114, 0.61070891,
       1.9363455 , 0.25778553, 0.41830675, 2.13900916, 1.67371342,
       1.55346665, 1.36361452, 0.03743052, 0.09228705, 2.09730956,
       0.08678431, 0.94575869, 1.33113847, 0.45072903, 0.42352289,
       1.45757799, 0.31632599, 1.41110581, 1.95322927, 0.18569346,
       0.04517236, 0.83502399, 1.35614067, 0.61139163, 0.13121731,
       1.9381909 , 0.2115644 , 0.59565313, 2.20337297, 0.83749123,
       0.13630973, 0.34691373, 0.1554238 , 0.66522294, 0.05484559,
       2.60537301, 0.04153769, 0.17677831, 1.1009127 , 2.45742413,
       0.12923301, 1.23394927, 0.84042334, 0.64490601, 1.75176752,
       1.8896301 , 0.17406624, 0.03239984, 0.10300588, 0.51699113])],
r'$C$':['$[dB]$', 'cal', [-30.0, -5.0], -17.805, 0.312, array([-17.44116652, -17.47881023, -16.96879093, -17.26939774,
       -17.55680293, -24.31263007, -17.18064461, -17.3912985 ,
       -17.97052777, -17.44416076, -17.3418186 , -16.59105157,
       -16.90189199, -16.38631561, -17.95949592, -20.746307  ,
       -17.52516626, -17.97225048, -17.9187243 , -17.20244144,
       -17.24343648, -17.14269631, -17.9356274 , -20.55592555,
       -17.06421991, -20.45630221, -20.985379  , -17.96706007,
       -17.36818064, -17.36590062, -16.749824  , -17.10189176,
       -22.29425423, -23.15908238, -17.68639519, -17.74691548,
       -17.42214011, -17.3605077 , -16.74326763, -17.96419423,
       -17.21160503, -16.76508907, -17.41856486, -20.88867971,
       -17.52403844, -17.41194761, -20.87403368, -25.47009041,
       -16.92403823, -17.43832125, -16.66394942, -17.46270893,
       -17.3642122 , -25.22493838, -16.72726393, -16.72129198,
       -17.57302705, -17.13078979, -17.95930768, -16.46092212,
       -17.1167287 , -17.24006611, -16.9041093 , -17.44869545,
       -17.96124983, -16.97245752, -17.93545941, -16.93720388,
       -16.94468347, -17.93827286, -21.03460273, -17.29893022,
       -16.90961718, -20.29435404, -21.80994727, -16.6776465 ,
       -17.05325958, -17.90613396, -16.48126215, -17.36704933,
       -17.81674379, -17.43652038, -17.10462007, -17.33151777,
       -17.25489696, -25.85964368, -17.29081742, -17.54625112,
       -17.70497228, -16.43165093, -17.08636312, -17.08824915,
       -17.26356233, -17.35525901, -16.62931633, -16.70518983,
       -17.95151061, -17.96079255, -17.14634146, -17.39431291])],
r'$D$':['$[dB m^3/m^3]$', 'cal', [10.0, 100.0], 25.288, 8.648, array([30.89644807, 26.23431228, 34.32808889, 29.27551244, 27.05764043,
       48.30416468, 34.50373476, 33.12330747, 28.99610465, 32.22836261,
       31.52980426, 37.90421242, 34.94166623, 36.54489109, 25.53495023,
       38.91273622, 26.31276359, 27.65347929, 25.6338336 , 32.48325901,
       25.99896573, 24.74128621, 25.75579739, 48.0541072 , 32.61184227,
       32.4932093 , 35.45098261, 25.30712536, 32.43081251, 32.06546197,
       34.73833479, 24.94576294, 43.21779664, 44.8620876 , 30.26168568,
       28.17597997, 29.34556027, 31.03631892, 39.33894337, 29.06802929,
       27.56631141, 39.69657633, 29.28739887, 40.55458358, 29.85417555,
       33.27176998, 38.09322812, 66.21220319, 46.22886638, 32.58837584,
       40.59464455, 27.25407557, 28.13454088, 62.35847057, 35.12267799,
       37.75388637, 35.67572675, 26.92458463, 26.83305809, 38.34792618,
       26.99918015, 33.22298779, 34.14290491, 29.8537405 , 29.65607088,
       34.87545063, 29.72173747, 36.88899696, 40.28812614, 27.40666778,
       34.78221395, 33.82570468, 34.90423971, 35.06910432, 36.56794185,
       38.776182  , 26.4786181 , 31.35415669, 38.04140433, 32.8168252 ,
       26.82069917, 28.7840516 , 26.87403932, 33.01603385, 25.69943178,
       69.42450957, 28.30682871, 28.0412065 , 36.31199898, 40.5005015 ,
       27.99037899, 36.76138331, 33.58287159, 28.63591475, 34.41679932,
       36.18474616, 27.92281572, 25.27933017, 28.7762944 , 29.70026632])],
r'$\delta_0$':['$[mm]$', 'fix', ['/', '/'], 1, '/'],
r'$W_{fc}$':['$[m^3/m^3]$', 'cal', [0.29, 0.35], 0.309, 0.02, array([0.31077   , 0.34501536, 0.31237264, 0.32429417, 0.33820087,
       0.29034812, 0.30074902, 0.30671921, 0.30830679, 0.31337675,
       0.32081246, 0.30654097, 0.31994138, 0.32228716, 0.33872713,
       0.29168978, 0.32980369, 0.32075694, 0.33245236, 0.31947957,
       0.33317845, 0.34852537, 0.34807571, 0.29736653, 0.32842384,
       0.31424204, 0.31513777, 0.33790603, 0.30464765, 0.31325303,
       0.33351158, 0.34882801, 0.29912866, 0.31783024, 0.31113377,
       0.32306899, 0.32947718, 0.32268477, 0.29269851, 0.30477833,
       0.3110175 , 0.29329269, 0.32507551, 0.29063257, 0.30076001,
       0.29753924, 0.30680207, 0.2998988 , 0.29109628, 0.30843097,
       0.29171522, 0.33926803, 0.3371707 , 0.30712978, 0.32311549,
       0.2944556 , 0.30743274, 0.31787556, 0.32463803, 0.31526695,
       0.32038409, 0.31360032, 0.31931842, 0.32299292, 0.31814766,
       0.31688884, 0.31045273, 0.29714149, 0.29758527, 0.32607181,
       0.30071411, 0.29690377, 0.31502623, 0.31976414, 0.31126017,
       0.30222475, 0.3333524 , 0.31031986, 0.31951518, 0.3093696 ,
       0.32301448, 0.32534669, 0.32518615, 0.30225054, 0.33636632,
       0.30008408, 0.30551395, 0.32464338, 0.29212388, 0.31537392,
       0.31033874, 0.29140699, 0.30315333, 0.34396563, 0.33406387,
       0.32282994, 0.31859366, 0.33893304, 0.30168749, 0.3243067 ])],
r'$W_w$':['$[m^3/m^3]$', 'cal', [0.06, 0.12], 0.118, 0.019, array([0.10994509, 0.10732252, 0.11644681, 0.11881318, 0.10774407,
       0.0775578 , 0.11322319, 0.11533016, 0.09694484, 0.11126516,
       0.11267133, 0.11424811, 0.11904738, 0.11847571, 0.10616477,
       0.08347913, 0.09413139, 0.10029294, 0.10401467, 0.11636216,
       0.0833994 , 0.08276863, 0.1088961 , 0.09027309, 0.11600931,
       0.06094107, 0.09485372, 0.10405679, 0.10862992, 0.1100343 ,
       0.11660596, 0.08293777, 0.08929491, 0.09576649, 0.1004423 ,
       0.106144  , 0.11489384, 0.11335589, 0.110119  , 0.09601834,
       0.07555053, 0.11049662, 0.10841955, 0.09262913, 0.0947    ,
       0.10512741, 0.10035795, 0.09105789, 0.11054892, 0.1003767 ,
       0.10974788, 0.10698598, 0.10854633, 0.0921068 , 0.11861577,
       0.11104757, 0.11745216, 0.075424  , 0.09998503, 0.11588   ,
       0.07644749, 0.11524808, 0.11783019, 0.11351029, 0.1003332 ,
       0.11759578, 0.09760502, 0.09704793, 0.11925827, 0.10214595,
       0.08920407, 0.10933224, 0.11743825, 0.09711707, 0.09185257,
       0.1137022 , 0.07951958, 0.10479859, 0.11226271, 0.11364474,
       0.10139302, 0.10390019, 0.07768486, 0.1072818 , 0.08432642,
       0.06039081, 0.07722308, 0.10489358, 0.11579829, 0.11707402,
       0.07415303, 0.10946897, 0.10748591, 0.11861569, 0.11662743,
       0.11862386, 0.10002135, 0.10116963, 0.0708691 , 0.11483155])],
r'$\rho_{st}$':['$[mm/h]$', 'fix', ['/', '/'], 0.5, '/'],
r'$K_{c0}$':['$[-]$', 'cal', [0.0, 2.0], 0.904, 0.05, array([0.91925357, 0.87481051, 0.91721459, 0.91713466, 0.90388911,
       0.14761593, 0.85187863, 0.85058473, 0.54780117, 0.81978934,
       0.91610802, 0.91840807, 0.91536247, 0.91818594, 0.54299242,
       0.22261971, 0.80032234, 0.5442223 , 0.54447301, 0.91541383,
       0.91514884, 0.91310119, 0.54172461, 0.25588226, 0.81566952,
       0.21822386, 0.20633292, 0.54222551, 0.9222046 , 0.91796293,
       0.91419515, 0.90929643, 0.18637529, 0.17418082, 0.67252692,
       0.54481055, 0.91394182, 0.91625817, 0.8529835 , 0.54773161,
       0.92086371, 0.85345716, 0.89096981, 0.22193918, 0.90663315,
       0.91373837, 0.2305642 , 0.16589909, 0.54564518, 0.91202278,
       0.85327273, 0.91148283, 0.90541293, 0.16577272, 0.91789078,
       0.9215726 , 0.5458407 , 0.91490937, 0.54480483, 0.91990008,
       0.91893656, 0.91967533, 0.91891109, 0.91631374, 0.5466445 ,
       0.84857805, 0.54749692, 0.91949994, 0.69136108, 0.54534866,
       0.19263682, 0.91430211, 0.91632391, 0.24416316, 0.17528328,
       0.85151431, 0.91606961, 0.54508398, 0.91673052, 0.85096531,
       0.54525194, 0.90499   , 0.91790168, 0.91362232, 0.91552509,
       0.16574859, 0.92191854, 0.90834055, 0.54705824, 0.84887877,
       0.92126366, 0.85276842, 0.92205413, 0.91065986, 0.9138072 ,
       0.91106645, 0.54548792, 0.54184578, 0.92055943, 0.91408924])],
}