PAR_dict={
r'$A$':['$[-]$', 'cal', [0.0, 5.0], 0.179, 0.175, array([0.27815933, 0.23299656, 2.94564704, 0.18293342, 0.37660316,
       0.89798365, 0.18067105, 0.25507956, 0.21445278, 0.43367572,
       0.18013829, 0.18256584, 0.72285289, 0.18481512, 0.43193788,
       0.21698675, 0.18140974, 3.52970782, 0.18520515, 0.39861163,
       0.50931714, 0.19047348, 0.23013774, 0.22534121, 0.18384045,
       0.19077835, 0.61538117, 0.18111452, 0.52302101, 0.24938245,
       0.21375988, 0.28948253, 0.17924582, 0.38942975, 0.22367631,
       0.18235046, 0.2526237 , 0.22625082, 0.29037163, 0.20685212,
       0.25143044, 0.30708754, 0.24867235, 0.23609455, 0.18645484,
       0.21118175, 0.18019695, 1.06644852, 1.15606329, 0.43987557,
       0.19419214, 0.20888689, 0.24518189, 0.18168227, 0.1920755 ,
       0.21140757, 0.23525033, 0.18352822, 0.57318468, 0.4720474 ,
       0.2683513 , 0.88358108, 0.35063444, 0.18135062, 0.29574714,
       0.18218703, 0.18204885, 0.22581344, 0.18983692, 0.8107971 ,
       0.18156133, 0.20026357, 0.24812522, 0.41394364, 0.18065038,
       2.42104577, 0.54837228, 0.5192532 , 0.1825673 , 0.17995163,
       0.31775211, 0.17887528, 0.21191716, 0.18201215, 0.44123086,
       0.24484379, 0.18356283, 0.18072359, 4.10670236, 0.22309597,
       0.18419682, 0.5956666 , 0.18167305, 0.1830118 , 0.18114856,
       0.18217739, 0.18498251, 0.25013734, 0.29102027, 0.28346477])],
r'$B$':['$[-]$', 'cal', [0.0, 3.0], 0.013, 0.608, array([0.3718394 , 0.5397972 , 0.01893612, 1.13712464, 0.23400153,
       0.06835567, 2.10915768, 0.38567107, 0.61294973, 0.16219926,
       2.61290752, 1.37716183, 0.08808033, 1.16829172, 0.16715124,
       0.58598719, 2.53470058, 0.01568082, 1.04616538, 0.1870356 ,
       0.13576641, 0.9387327 , 0.47914748, 0.51780021, 1.41384194,
       0.92814921, 0.1068124 , 1.32971674, 0.15510151, 0.42602221,
       0.63043758, 0.34407455, 2.90548101, 0.21504812, 0.50873783,
       1.24721666, 0.39039913, 0.58581888, 0.34103079, 0.61688797,
       0.39265103, 0.27594202, 0.41377622, 0.46539416, 1.09856473,
       0.64696525, 2.42112516, 0.05631321, 0.05189137, 0.1616485 ,
       0.86055784, 0.6721297 , 0.42677182, 1.33729775, 0.89073082,
       0.65172364, 0.51485342, 0.96734184, 0.13320921, 0.15235656,
       0.35438528, 0.06987179, 0.25493904, 1.57624503, 0.32978293,
       2.029884  , 1.61460996, 0.51395271, 0.84757573, 0.07437814,
       2.13193549, 0.73521083, 0.42305243, 0.17530004, 2.0097636 ,
       0.023266  , 0.12111396, 0.12942034, 1.60916692, 1.99600226,
       0.25780827, 1.84401831, 0.63208265, 1.65001104, 0.16533328,
       0.47561219, 1.60938757, 2.99029614, 0.01315204, 0.56811574,
       1.26067991, 0.11117329, 2.16797965, 1.15266165, 2.02572706,
       1.38596801, 0.95461579, 0.41296827, 0.31143746, 0.32416514])],
r'$C$':['$[dB]$', 'cal', [-30.0, -5.0], -16.86, 0.955, array([-22.16878605, -22.47602579, -17.5200425 , -17.11645029,
       -21.19939459, -17.20313029, -17.34211492, -17.44621012,
       -22.94696068, -17.54476154, -19.77574459, -17.03139779,
       -17.97274311, -17.04909923, -17.52313468, -17.35066259,
       -16.98972223, -17.27293583, -17.41420967, -17.20201399,
       -17.2135749 , -17.18797957, -17.39491871, -17.41385742,
       -17.38936355, -17.25806504, -17.14196302, -16.9782764 ,
       -25.30032124, -22.80955257, -20.6025979 , -20.29199916,
       -21.67116701, -20.57959243, -17.4089048 , -17.13276709,
       -17.45351972, -22.6084485 , -22.09352895, -17.47298219,
       -17.55863487, -17.48926253, -17.88394538, -17.37811686,
       -17.14517047, -17.22071593, -19.57206462, -17.17855869,
       -17.1604486 , -17.35252257, -17.19233431, -17.27982492,
       -17.35016164, -17.0885819 , -17.76462605, -17.21960928,
       -22.92049071, -17.26050295, -20.72551394, -17.8556397 ,
       -17.41049205, -17.96910949, -22.48538543, -16.8121743 ,
       -21.34976766, -16.84962182, -17.45814647, -17.94801106,
       -17.31624176, -17.63346485, -16.50282211, -17.36130681,
       -17.86051876, -17.32087486, -16.55542362, -17.44171051,
       -17.47865616, -17.53365277, -16.83042851, -25.00037817,
       -17.50619607, -24.62714904, -17.30764501, -16.78835347,
       -17.19404329, -23.54474292, -16.74972681, -26.79745155,
       -17.58379949, -23.21444519, -16.95187982, -17.95450693,
       -16.55704713, -17.15925424, -16.50690097, -16.95182015,
       -17.28071742, -17.92650396, -17.86674298, -17.97095056])],
r'$D$':['$[dB m^3/m^3]$', 'cal', [10.0, 100.0], 28.457, 7.917, array([42.42401141, 43.21942597, 26.09431517, 36.0327246 , 35.19361593,
       27.93925552, 41.54844242, 27.73328557, 45.34324278, 27.29491991,
       51.79439461, 36.57442298, 28.56648439, 35.45898185, 29.3084314 ,
       32.87039351, 37.86664614, 25.41875632, 34.97196465, 28.54722452,
       29.54600106, 32.75499559, 32.3238918 , 32.60579961, 35.80081729,
       34.2078227 , 26.7616218 , 37.20371528, 49.01058515, 44.82931518,
       35.68161552, 34.1277202 , 54.16534209, 33.49197811, 32.40757206,
       35.74242374, 28.03943315, 45.86578544, 39.34681739, 29.68326397,
       27.3583393 , 28.92126629, 29.48332694, 29.18180436, 35.14526684,
       32.86665257, 45.42552904, 26.60437371, 28.09869819, 27.01657753,
       34.54863608, 33.86111606, 29.10518224, 36.05394405, 34.57419984,
       29.85711154, 46.52111791, 33.54329699, 32.64716269, 25.03458076,
       28.27691981, 26.83943461, 41.81004346, 36.20957316, 34.77692417,
       40.18273849, 38.00075813, 30.99399652, 33.9303536 , 27.32993727,
       40.39123887, 31.30783344, 29.55232947, 30.10075282, 34.63774398,
       24.85213076, 28.98103577, 27.28717628, 34.16229515, 60.05320812,
       30.89145156, 60.07784705, 33.17521407, 37.62100274, 29.54942621,
       47.54874738, 38.68153203, 67.76167512, 27.03694929, 46.89403645,
       34.51457559, 24.99953136, 37.20134637, 36.33533769, 35.71851884,
       33.50736579, 34.22686709, 31.03715283, 27.99464612, 28.83109833])],
r'$\delta_0$':['$[mm]$', 'fix', ['/', '/'], 1, '/'],
r'$W_{fc}$':['$[m^3/m^3]$', 'cal', [0.29, 0.35], 0.29, 0.029, array([0.29017527, 0.30133791, 0.32985637, 0.29549228, 0.3151216 ,
       0.30940225, 0.29832371, 0.34071638, 0.30190232, 0.32690847,
       0.29301952, 0.29992125, 0.3049165 , 0.30020838, 0.3062036 ,
       0.30075981, 0.33945269, 0.33795418, 0.29615295, 0.31303363,
       0.29652664, 0.31575023, 0.2967672 , 0.29266097, 0.30517242,
       0.29964108, 0.32447029, 0.29246771, 0.29599861, 0.29011389,
       0.32229084, 0.30861122, 0.32272591, 0.31930936, 0.29912203,
       0.30611322, 0.34120843, 0.2912962 , 0.30696002, 0.32525859,
       0.34335186, 0.32014778, 0.31569796, 0.3261182 , 0.30145414,
       0.29860813, 0.31931033, 0.32380953, 0.30524361, 0.33085543,
       0.29533116, 0.29198847, 0.3245352 , 0.3010259 , 0.29615456,
       0.32646682, 0.29001745, 0.30869981, 0.32159969, 0.34995666,
       0.32999999, 0.32257504, 0.29510269, 0.31055724, 0.32965827,
       0.29706782, 0.2978194 , 0.30980286, 0.30151534, 0.32451843,
       0.29831227, 0.31991949, 0.31743553, 0.30511223, 0.34135081,
       0.3482344 , 0.30619695, 0.32728594, 0.32839107, 0.31064372,
       0.29840784, 0.29811708, 0.29890276, 0.30304018, 0.2993171 ,
       0.29155956, 0.29319873, 0.33399275, 0.32285535, 0.29527543,
       0.31102792, 0.34988975, 0.32697548, 0.29197623, 0.33239246,
       0.32955199, 0.30279592, 0.30180342, 0.32545976, 0.32071385])],
r'$W_w$':['$[m^3/m^3]$', 'cal', [0.06, 0.12], 0.117, 0.024, array([0.08649646, 0.08939387, 0.09258329, 0.11033099, 0.06007505,
       0.07578688, 0.11922274, 0.11850524, 0.08677142, 0.09718087,
       0.09244511, 0.10660687, 0.09606778, 0.11397927, 0.09550322,
       0.10629777, 0.11986297, 0.08381557, 0.10638299, 0.07526767,
       0.07496137, 0.1177374 , 0.11021675, 0.10360098, 0.11623586,
       0.1127346 , 0.07753928, 0.10965554, 0.10437062, 0.08614575,
       0.09704638, 0.08023551, 0.10318178, 0.09207587, 0.10461391,
       0.108902  , 0.10926206, 0.08848747, 0.09308212, 0.10157124,
       0.11913712, 0.1043386 , 0.11150128, 0.11463133, 0.11287209,
       0.1058732 , 0.10166037, 0.0774148 , 0.07430686, 0.08401837,
       0.10998124, 0.09440202, 0.11406215, 0.11287814, 0.10486535,
       0.11433308, 0.08472007, 0.11501052, 0.06040328, 0.11096083,
       0.1054416 , 0.10127446, 0.09681762, 0.11421774, 0.09848643,
       0.11980908, 0.09581921, 0.09737974, 0.11171233, 0.10182707,
       0.11057753, 0.11702129, 0.10725304, 0.0790472 , 0.11994966,
       0.10192089, 0.09094151, 0.10173527, 0.11944643, 0.09259683,
       0.0958018 , 0.09050588, 0.10622327, 0.11500516, 0.07570944,
       0.09773392, 0.109195  , 0.06051502, 0.09565368, 0.10301835,
       0.11418373, 0.10925503, 0.11978813, 0.105206  , 0.11989208,
       0.11513935, 0.10738162, 0.10454067, 0.10687914, 0.10100214])],
r'$\rho_{st}$':['$[mm/h]$', 'fix', ['/', '/'], 0.5, '/'],
r'$K_{c0}$':['$[-]$', 'cal', [0.0, 2.0], 0.911, 0.061, array([0.17793061, 0.17620586, 0.82511262, 0.92224365, 0.19756533,
       0.92139807, 0.54612188, 0.91192607, 0.17772112, 0.84152481,
       0.29990373, 0.82316995, 0.54774323, 0.9222978 , 0.88091762,
       0.91409131, 0.54247493, 0.91124932, 0.69188372, 0.91637473,
       0.92220645, 0.91652124, 0.92081421, 0.82239819, 0.5450114 ,
       0.85184122, 0.91802682, 0.92232117, 0.1189246 , 0.17469806,
       0.23180597, 0.23377747, 0.23298797, 0.228637  , 0.92111683,
       0.91398289, 0.90466793, 0.17576135, 0.17697757, 0.91533097,
       0.80608571, 0.91410805, 0.54594911, 0.91607664, 0.84982132,
       0.92233707, 0.30103894, 0.91819987, 0.92097585, 0.90295661,
       0.9215947 , 0.91619674, 0.91623539, 0.85038432, 0.54774449,
       0.88855514, 0.17385228, 0.91774482, 0.21352461, 0.54520703,
       0.90589681, 0.5448979 , 0.16835398, 0.92058554, 0.19548782,
       0.68698619, 0.5458061 , 0.54758686, 0.91971282, 0.87908294,
       0.91785728, 0.84797765, 0.54395691, 0.91995025, 0.91247718,
       0.88230724, 0.89126988, 0.87478699, 0.84910416, 0.1672175 ,
       0.91136447, 0.16856678, 0.91452325, 0.92181133, 0.92217423,
       0.15969319, 0.92151036, 0.16122566, 0.88744226, 0.16990281,
       0.91919985, 0.5423305 , 0.84656714, 0.89434551, 0.91613049,
       0.91432834, 0.92136828, 0.53331806, 0.54263   , 0.54629353])],
}