PAR_dict={
r'$A$':['$[-]$', 'cal', [0.0, 5.0], 0.168, 0.172, array([0.18390997, 0.1889565 , 0.54933614, 0.26245588, 0.17961653,
       1.23761138, 0.36402012, 0.18113896, 0.16789266, 0.23176533,
       0.20686824, 3.30614008, 1.93912718, 0.18709626, 0.18126284,
       0.26116963, 0.18688944, 0.20050021, 0.88099148, 0.27621399,
       0.19125792, 0.17945643, 0.20626794, 0.28934318, 0.17464164,
       0.17504093, 0.1837461 , 0.18423388, 1.63274437, 0.17943679,
       0.33822602, 0.17879532, 0.20033293, 2.78468708, 0.20156037,
       0.53830317, 1.58174005, 0.65464604, 0.21525628, 0.1870821 ,
       0.4312651 , 0.20068126, 0.36505023, 0.18336384, 0.21658209,
       4.88300668, 0.2158903 , 0.35403545, 0.17908691, 0.18186481,
       0.18992613, 0.19383202, 0.17658761, 1.49375027, 0.17582898,
       0.17992625, 0.25323831, 0.2056628 , 0.18050165, 0.32674456,
       0.25368559, 3.90695822, 0.19701354, 0.18058722, 0.18739997,
       0.21607768, 0.21295333, 3.0035123 , 0.18535911, 0.19618669,
       1.73654274, 0.20188759, 0.19239366, 0.18405904, 0.19157791,
       0.19547761, 0.18067965, 0.19727478, 0.19960903, 0.3052846 ,
       0.22913926, 0.2213609 , 0.1933858 , 0.20527293, 0.1877041 ,
       0.18853208, 0.18666656, 0.25838677, 0.18791932, 0.18239372,
       0.22514133, 0.19370417, 0.26897657, 0.19334599, 0.1819517 ,
       0.2013696 , 0.17896629, 0.17698705, 1.16600152, 0.18071913])],
r'$B$':['$[-]$', 'cal', [0.0, 3.0], 0.012, 0.942, array([2.00452872, 0.74746414, 0.12174655, 0.35959449, 1.01391693,
       0.0471489 , 0.21125275, 1.59941347, 1.13396128, 0.50228095,
       0.58938039, 0.02109659, 0.0271126 , 1.20315855, 0.85705586,
       0.35675767, 1.0630972 , 0.65051677, 0.0871806 , 0.41189583,
       1.09493332, 1.77391267, 0.5987979 , 0.29903722, 1.41990257,
       1.85026612, 2.18262306, 2.34694529, 0.03267395, 0.9639699 ,
       0.24199208, 1.80818615, 0.6950115 , 0.02043633, 0.63311655,
       0.1294649 , 0.03478476, 0.11826414, 0.53877036, 0.8156049 ,
       0.16308566, 0.78357585, 0.266005  , 2.49149441, 0.53568913,
       0.01213529, 0.55169432, 0.21930793, 1.09597243, 1.82218354,
       0.88711848, 0.74533668, 2.12164562, 0.03837255, 1.04422646,
       2.58500818, 0.38092171, 0.63512256, 2.09404789, 0.25195918,
       0.38953995, 0.01777916, 0.73479264, 1.79217747, 1.39629732,
       0.52679428, 0.63525094, 0.01824322, 1.80930408, 0.85410702,
       0.03106709, 0.74709209, 0.94094417, 2.44127771, 1.1909382 ,
       0.79288971, 1.63332471, 0.64351171, 0.66038026, 0.3079698 ,
       0.51842471, 0.66740397, 0.71821024, 0.66804956, 2.05571349,
       2.37283834, 1.02424267, 0.37966829, 0.90568399, 1.16384215,
       0.50231055, 0.99773655, 0.37006109, 0.74274469, 1.14946059,
       0.63001475, 2.03622708, 2.08451081, 0.05187584, 2.13109431])],
r'$C$':['$[dB]$', 'cal', [-30.0, -5.0], -19.547, 2.381, array([-19.13888678, -23.63083693, -19.59259691, -21.66162895,
       -25.06358323, -19.24666968, -18.66984751, -24.54680582,
       -22.35058304, -19.99073279, -23.39513631, -23.4378504 ,
       -17.47595131, -18.65592707, -21.33551113, -19.59272333,
       -22.55274572, -19.05517591, -25.00623901, -25.37540485,
       -18.04758802, -17.47820139, -19.03017051, -19.30149296,
       -21.6927811 , -19.86981961, -16.75367065, -17.73594722,
       -21.69811423, -20.87511572, -18.98781859, -18.46847559,
       -22.06383298, -17.32039386, -24.02686735, -19.21251768,
       -20.77337806, -22.2363271 , -24.07013949, -22.80758822,
       -19.66731475, -17.47527387, -26.89986226, -16.48362067,
       -19.24424671, -18.42553843, -19.28636936, -18.70996259,
       -20.56370495, -17.18081805, -20.79758893, -19.99697493,
       -15.50295002, -22.19269033, -23.97520926, -17.44169244,
       -19.67061701, -18.17874004, -18.54211793, -19.44378373,
       -18.68659282, -23.2484822 , -18.68093802, -18.78451314,
       -16.06580802, -19.18827658, -26.47370943, -18.4345679 ,
       -17.49310016, -18.76988104, -19.00262175, -17.12227628,
       -25.41546954, -16.16505342, -17.67164566, -19.0976831 ,
       -16.33795968, -19.13207675, -19.24152032, -20.69909668,
       -23.49255447, -17.92498301, -20.80648057, -22.66941644,
       -17.03658473, -16.70807037, -18.10083022, -17.23349198,
       -18.50817918, -16.77219014, -21.44274368, -16.95611531,
       -18.00981603, -22.05051051, -18.28950981, -19.00191025,
       -26.34833179, -23.72004401, -21.08395758, -18.25859031])],
r'$D$':['$[dB m^3/m^3]$', 'cal', [10.0, 100.0], 36.616, 11.92, array([47.29922876, 72.17087943, 31.38327395, 40.36779799, 74.94615042,
       42.69775511, 32.7075748 , 80.32647442, 63.46312987, 51.88314634,
       49.01740018, 38.64763917, 42.35686748, 55.63747864, 38.73867613,
       41.5903811 , 64.94841885, 40.98246144, 52.31451328, 68.80777448,
       33.24958742, 44.85213857, 36.67200233, 28.0262515 , 49.99635623,
       50.19840099, 33.22173535, 36.59809642, 42.6573318 , 42.92240783,
       33.69726178, 45.30425758, 46.17418041, 24.68199105, 51.45320405,
       43.7330501 , 51.66398096, 33.24267069, 61.58755827, 74.42480439,
       29.28758863, 26.10909548, 70.74020548, 32.77495555, 35.63481156,
       29.97479988, 42.07655403, 48.99502271, 39.63657216, 59.01205325,
       44.64373255, 32.01726808, 35.99570675, 53.16438049, 64.6426668 ,
       41.248198  , 35.08994978, 32.57806984, 49.46885517, 34.97579521,
       34.24826157, 30.55260506, 35.19152643, 50.51681464, 33.03428852,
       36.13096449, 52.566552  , 36.12275364, 48.43832589, 29.23664255,
       30.80198116, 37.75469805, 66.90450369, 45.42434659, 42.17386269,
       37.6142059 , 35.14230512, 43.05689185, 29.64465857, 41.8964984 ,
       72.59488212, 34.65552367, 40.54304045, 62.28670848, 35.60892459,
       45.56019268, 31.14695661, 24.07846626, 46.87841276, 30.6586379 ,
       44.38259012, 45.7565291 , 25.90268891, 57.8253166 , 45.02898596,
       37.17874911, 54.72094732, 62.75944585, 36.43000252, 60.93996253])],
r'$\delta_0$':['$[mm]$', 'cal', [1.0, 2.0], 1.0, 0.047, array([1.0128551 , 1.03357502, 1.0132468 , 1.14755649, 1.00297784,
       1.0763738 , 1.0086734 , 1.013004  , 1.09041761, 1.01742433,
       1.01328611, 1.64629696, 1.17193724, 1.03548145, 1.01657821,
       1.0820066 , 1.06985503, 1.00146203, 1.90627265, 1.35096658,
       1.00598078, 1.01099131, 1.04314515, 1.0194426 , 1.12285053,
       1.0103879 , 1.00071702, 1.00336749, 1.63279499, 1.04567447,
       1.03338164, 1.0714014 , 1.05494961, 1.01408206, 1.00585001,
       1.00815859, 1.05303318, 1.07291254, 1.0263839 , 1.0472816 ,
       1.12829845, 1.00511225, 1.96957545, 1.00351021, 1.13693911,
       1.25942413, 1.0719351 , 1.04338735, 1.00824337, 1.0201622 ,
       1.01259974, 1.03809688, 1.00003058, 1.01026973, 1.0076326 ,
       1.01095054, 1.0112038 , 1.01573678, 1.0012416 , 1.13532559,
       1.00703909, 1.8569247 , 1.03127813, 1.06752465, 1.00151555,
       1.07393765, 1.39787073, 1.30346628, 1.01327534, 1.01237398,
       1.08068879, 1.02961851, 1.00057009, 1.00027089, 1.01113428,
       1.01575757, 1.00584092, 1.06213167, 1.00898571, 1.15319526,
       1.11513252, 1.00043242, 1.06395209, 1.00663961, 1.00514803,
       1.00695051, 1.00564459, 1.06381488, 1.00351006, 1.02381276,
       1.08519628, 1.01692854, 1.0005502 , 1.15314865, 1.00653797,
       1.02592389, 1.49161986, 1.26198245, 1.27503877, 1.00405069])],
r'$W_{fc}$':['$[m^3/m^3]$', 'cal', [0.2, 0.4], 0.275, 0.071, array([0.29520039, 0.21632421, 0.32842996, 0.31844646, 0.23616257,
       0.22684387, 0.304592  , 0.23146727, 0.24226481, 0.2277431 ,
       0.30747212, 0.32899351, 0.20787132, 0.21824652, 0.34824172,
       0.26581811, 0.23672963, 0.27160738, 0.27441621, 0.22825001,
       0.33974541, 0.27091407, 0.3039302 , 0.37807771, 0.30226935,
       0.28881518, 0.37132866, 0.36609338, 0.28303286, 0.30896581,
       0.30155991, 0.28967044, 0.29676825, 0.34655828, 0.30395836,
       0.22980833, 0.21523569, 0.35406531, 0.25571128, 0.20488146,
       0.36000348, 0.39492353, 0.23525278, 0.39105128, 0.31637738,
       0.2985634 , 0.27034674, 0.20473375, 0.33765   , 0.20203039,
       0.29402377, 0.38114346, 0.30317027, 0.23532722, 0.25798601,
       0.33319129, 0.31680396, 0.3232993 , 0.27973854, 0.30375421,
       0.29685275, 0.39912808, 0.31546372, 0.26362411, 0.31368673,
       0.30798973, 0.33164483, 0.25868612, 0.25383677, 0.3917189 ,
       0.31764991, 0.26192024, 0.26594627, 0.27075304, 0.26768204,
       0.30950623, 0.3092264 , 0.26146541, 0.3854916 , 0.25909554,
       0.20253943, 0.29396328, 0.30987529, 0.23120411, 0.3544957 ,
       0.27701806, 0.35402565, 0.37481006, 0.24368345, 0.33307087,
       0.29287422, 0.22438196, 0.38036323, 0.24382436, 0.25688107,
       0.30131659, 0.37151804, 0.29213993, 0.31446203, 0.22003993])],
r'$W_w$':['$[m^3/m^3]$', 'cal', [0.07, 0.17], 0.147, 0.046, array([0.16559529, 0.13737756, 0.124791  , 0.16908079, 0.1528385 ,
       0.09139364, 0.1351405 , 0.15531238, 0.15712466, 0.12604726,
       0.16908718, 0.11091045, 0.1108743 , 0.1094683 , 0.16934358,
       0.11283481, 0.15256785, 0.12494639, 0.08994625, 0.15253176,
       0.12242854, 0.11367577, 0.1368158 , 0.14256632, 0.11377868,
       0.11237793, 0.16593818, 0.1306259 , 0.16343118, 0.11948936,
       0.12148169, 0.14610983, 0.14815986, 0.08199942, 0.16993598,
       0.08688146, 0.10801686, 0.09292525, 0.15418913, 0.15673142,
       0.15332198, 0.15878655, 0.11267839, 0.15643199, 0.16011512,
       0.10044361, 0.14728487, 0.09717276, 0.15830471, 0.07892946,
       0.1446405 , 0.1496188 , 0.11298242, 0.12956234, 0.15771317,
       0.15609939, 0.12399726, 0.13647789, 0.10384942, 0.12674834,
       0.12711399, 0.08172067, 0.13792663, 0.14290185, 0.11638223,
       0.14233295, 0.16732979, 0.09111808, 0.13500174, 0.14740317,
       0.14245478, 0.09037606, 0.1665941 , 0.13600144, 0.11152291,
       0.12109725, 0.10757133, 0.11745878, 0.1458302 , 0.07617929,
       0.13968232, 0.09755489, 0.12112438, 0.14433011, 0.15342443,
       0.11485642, 0.15466499, 0.1138062 , 0.11895186, 0.11676019,
       0.15319786, 0.07744812, 0.12733528, 0.14701109, 0.14196078,
       0.13514572, 0.13306815, 0.16183111, 0.15905188, 0.13822759])],
r'$\rho_{st}$':['$[mm/h]$', 'cal', [0.1, 0.8], 0.352, 0.172, array([0.3603704 , 0.21844313, 0.24683741, 0.25074642, 0.18367606,
       0.36509724, 0.39837505, 0.20285503, 0.26667541, 0.32047076,
       0.15980658, 0.58202912, 0.52656599, 0.39677229, 0.23403749,
       0.34067509, 0.24178021, 0.39010296, 0.57513178, 0.48983469,
       0.41461602, 0.45444777, 0.39238233, 0.29740483, 0.17810603,
       0.26655407, 0.46578141, 0.34029678, 0.27983795, 0.20055534,
       0.36126029, 0.40501321, 0.1929543 , 0.46405519, 0.13017349,
       0.28528305, 0.27175001, 0.57999625, 0.19077824, 0.24520386,
       0.32525519, 0.47520079, 0.52228997, 0.48298307, 0.38362399,
       0.4194942 , 0.37592561, 0.40145503, 0.29503482, 0.47105078,
       0.29280926, 0.26017579, 0.56932722, 0.1593957 , 0.21398021,
       0.43753549, 0.27517595, 0.43937419, 0.34092525, 0.33617595,
       0.41810257, 0.57238882, 0.4124818 , 0.39022307, 0.55060372,
       0.38154081, 0.10166385, 0.46970242, 0.43901679, 0.34979958,
       0.38527102, 0.51416321, 0.15715627, 0.50004816, 0.44857706,
       0.37220471, 0.53048018, 0.39524275, 0.33101092, 0.48049848,
       0.18603553, 0.35929687, 0.19054898, 0.22839178, 0.47050933,
       0.45897542, 0.42876169, 0.5332577 , 0.42258948, 0.548199  ,
       0.24889581, 0.51195033, 0.39908915, 0.25614828, 0.41706082,
       0.39630237, 0.13063218, 0.20453406, 0.22119142, 0.4337425 ])],
r'$K_{c0}$':['$[-]$', 'cal', [0.0, 2.0], 0.588, 0.235, array([0.6134209 , 0.4320776 , 0.53288501, 0.48632742, 0.39643922,
       0.52545484, 0.72284279, 0.40701852, 0.55817597, 0.60618926,
       0.39608428, 0.23020269, 0.9417473 , 0.73555942, 0.50960109,
       0.66874233, 0.4768493 , 0.67337573, 0.23403962, 0.17843378,
       0.6943487 , 0.84750379, 0.73448023, 0.60884494, 0.42744522,
       0.56298131, 0.84266927, 0.66809774, 0.57766923, 0.45379526,
       0.65905393, 0.75748366, 0.40025522, 0.86690312, 0.34159092,
       0.57004463, 0.49130317, 0.17907095, 0.39427996, 0.47767522,
       0.60878684, 0.85543326, 0.21627544, 0.87648439, 0.73331465,
       0.67716644, 0.71575654, 0.72509288, 0.54074397, 0.83605062,
       0.49314286, 0.55296584, 1.01039732, 0.3884592 , 0.43099336,
       0.75344718, 0.57667361, 0.80936542, 0.67750363, 0.63749781,
       0.5689456 , 0.24484725, 0.72659103, 0.6850666 , 0.99752585,
       0.73243081, 0.23603447, 0.77759409, 0.81639483, 0.68438026,
       0.73002616, 0.93886689, 0.31298524, 0.85860738, 0.83543042,
       0.63466338, 0.9609034 , 0.75155109, 0.65094301, 0.25791017,
       0.35514336, 0.67526947, 0.44646396, 0.43726331, 0.82520179,
       0.85289305, 0.72349225, 0.78077222, 0.75797963, 0.78680909,
       0.51581432, 0.93512529, 0.76452126, 0.5307    , 0.77968081,
       0.72775869, 0.27358909, 0.46262942, 0.48576879, 0.56026737])],
}