PAR_dict={
r'$A$':['$[-]$', 'cal', [0.0, 5.0], 0.32, 0.104, array([1.00986331, 0.35670685, 0.34281463, 0.34499976, 0.32590418,
       0.36743281, 1.8142304 , 0.35025449, 3.17192156, 1.26422469,
       0.33480873, 0.36548279, 0.35274021, 2.54676387, 0.36876871,
       0.62615252, 0.34257866, 0.33419387, 0.33900528, 0.34559964,
       0.32882765, 0.33523298, 0.34303414, 0.33645197, 0.35217345,
       0.33629713, 0.34856312, 0.31953883, 0.34602858, 0.35750842,
       0.94796362, 2.16143016, 0.33407089, 0.33207669, 0.32751377,
       0.34433425, 0.34971829, 0.35817205, 0.33831588, 0.35792275,
       0.34452237, 0.40129216, 0.37576977, 0.34844528, 0.57214897,
       0.38867286, 0.33413664, 0.38902728, 0.34976184, 0.38903435,
       0.36110988, 0.37610395, 0.34039463, 0.39153956, 0.35240458,
       0.34269417, 3.20121617, 0.40169604, 0.35352017, 0.37205818,
       0.35025848, 0.39725706, 0.34683258, 0.34981102, 0.42620762,
       0.36279728, 0.34729537, 0.92220919, 0.35204082, 2.44246544,
       0.35267462, 0.33657446, 0.60568681, 0.33725454, 0.34982335,
       0.37305311, 0.34730034, 0.38065499, 0.34176982, 0.35629608,
       0.3373617 , 0.33615079, 0.34186678, 0.46872386, 0.35138875,
       1.57583562, 0.34883306, 0.33505173, 3.40878254, 2.37911738,
       0.34497842, 0.36854737, 0.34430256, 1.81386975, 0.35260739,
       0.35265395, 0.35441047, 0.35359572, 0.48295386, 0.32868956])],
r'$B$':['$[-]$', 'cal', [0.0, 3.0], 0.66, 0.101, array([0.1074564 , 0.66476045, 0.74156101, 0.78727742, 0.85033974,
       0.63219286, 0.05547271, 0.71256163, 0.03306031, 0.08424647,
       0.79179045, 0.61942895, 0.71004228, 0.0374546 , 0.65121187,
       0.20921903, 0.7845148 , 0.8453902 , 0.83191766, 0.67143869,
       0.84890367, 0.74821339, 0.83258202, 1.24742953, 0.76581924,
       0.75250406, 0.72509142, 0.94959648, 0.74601686, 0.65944081,
       0.1179877 , 0.04394869, 0.80957679, 0.82830153, 0.78803991,
       0.71788509, 0.70605249, 0.6797463 , 0.85215327, 0.65471425,
       0.78101754, 0.5044295 , 0.58019565, 0.7182062 , 0.237431  ,
       0.56648976, 0.83553873, 0.57512173, 0.76397212, 0.48491044,
       0.63917028, 0.59145175, 0.6893669 , 0.54589687, 0.72859207,
       0.79376355, 0.02850217, 0.52926817, 0.68855674, 0.58313006,
       0.71977078, 0.49751452, 0.74557808, 0.71948772, 0.43239362,
       0.5806308 , 0.7469186 , 0.12140552, 0.71593179, 0.03872905,
       0.69388286, 0.79574632, 0.25838932, 0.76280459, 0.7372773 ,
       0.57581225, 0.70387675, 0.5831169 , 0.79538499, 0.71104998,
       0.85669974, 0.75082594, 0.74685154, 0.33464826, 0.68031498,
       0.06713216, 0.69507414, 0.91830854, 0.02553613, 0.0401889 ,
       0.83033741, 0.63487611, 0.79090964, 0.05515559, 0.71169439,
       0.73861204, 0.67749011, 0.72881848, 0.31741569, 0.83768845])],
r'$C$':['$[dB]$', 'cal', [-30.0, -5.0], -16.13, 1.457, array([-15.27839395, -16.15877349, -15.59663168, -24.86736973,
       -14.94659573, -20.58658823, -17.93575371, -18.08592064,
       -26.63907611, -15.58272356, -14.45869029, -15.30526839,
       -16.25571612, -14.42451963, -17.63908787, -15.56334008,
       -16.23809877, -15.44074798, -14.39955222, -14.50196927,
       -17.78915325, -13.91219766, -15.48542655, -13.93952621,
       -15.09272795, -14.21266101, -16.86364911, -14.59170544,
       -16.4207023 , -14.29878871, -14.86719196, -18.56940396,
       -16.77880216, -18.3168878 , -14.97492803, -17.37501088,
       -17.93701152, -15.37868355, -14.79954417, -15.91435704,
       -21.48269299, -15.63551214, -15.97605965, -22.80880387,
       -15.66017607, -14.69673468, -15.10028075, -19.61496437,
       -16.51641964, -14.36042348, -16.28813218, -15.5658967 ,
       -14.32146911, -16.47033125, -16.3227425 , -17.93700828,
       -15.69383414, -15.28346542, -15.81980243, -14.92398491,
       -17.83482606, -15.00958062, -19.2525288 , -20.46282982,
       -16.5512213 , -16.34704542, -15.75762445, -16.03167531,
       -18.17285757, -15.02902729, -15.69916804, -15.60206456,
       -18.87260899, -17.78967434, -17.12491356, -16.13189747,
       -15.71329755, -17.47860386, -21.03117639, -14.6935199 ,
       -20.74346416, -14.93384923, -14.63300085, -16.23402203,
       -16.46892269, -19.74399732, -17.33671106, -24.27482929,
       -14.42367192, -15.37825184, -20.42069014, -15.49270067,
       -15.21831715, -16.12865   , -23.87506124, -16.48284254,
       -15.75655467, -15.94374143, -15.01930902, -16.51832211])],
r'$D$':['$[dB m^3/m^3]$', 'cal', [10.0, 100.0], 29.537, 9.811, array([28.28472025, 31.92289254, 32.79508917, 80.87310481, 25.11399842,
       71.89318746, 44.20122571, 44.72655498, 84.14583419, 42.87758872,
       30.64627962, 38.12852977, 38.92017651, 20.67531808, 46.36318633,
       32.48120795, 45.48792123, 41.11815971, 23.69233962, 33.15365467,
       48.51477942, 34.97741152, 30.36823857, 38.09362233, 29.44245155,
       23.5040403 , 46.76781427, 26.68897729, 38.39626862, 23.96626229,
       22.58438043, 37.76205373, 31.98215783, 52.33082054, 38.52903712,
       49.60890609, 54.67442659, 34.84358291, 38.52525757, 31.2032508 ,
       72.55222281, 38.41029684, 28.73037166, 66.40576629, 26.56960632,
       31.90110796, 26.8193345 , 47.01291698, 36.91408654, 34.56560287,
       43.93386067, 30.29496281, 25.03262484, 46.17724004, 34.97616168,
       40.01397851, 26.74189686, 30.02896771, 34.5390131 , 25.9920699 ,
       47.49267786, 30.1843084 , 60.83162015, 53.71339914, 36.6793736 ,
       37.78218733, 39.57161078, 26.33332485, 46.57939508, 27.23590582,
       31.02366343, 34.20948225, 42.30710051, 59.18575808, 46.64659728,
       29.83290392, 33.93913775, 39.41479757, 57.12980346, 27.50247211,
       54.13140777, 27.11251407, 29.94708559, 29.1591869 , 32.88283945,
       61.75279459, 37.17020691, 73.92009413, 32.12560191, 30.83398461,
       57.13732745, 36.07945906, 30.38660866, 28.57888606, 75.00014332,
       42.37732662, 27.02538128, 35.43161389, 23.79947002, 43.45150842])],
r'$\delta_0$':['$[mm]$', 'cal', [1.0, 2.0], 1.0, 0.004, array([1.00035327, 1.00761376, 1.01105548, 1.07575237, 1.00429183,
       1.09379177, 1.02335274, 1.00017161, 1.03118673, 1.00072182,
       1.00006382, 1.00414376, 1.00167663, 1.00000492, 1.00089   ,
       1.00018973, 1.0088299 , 1.03909809, 1.00276098, 1.06822323,
       1.00153888, 1.00723498, 1.00060125, 1.00278539, 1.03248556,
       1.00401818, 1.07400587, 1.02575994, 1.0328516 , 1.00122009,
       1.00103506, 1.00050676, 1.04674112, 1.00267274, 1.00397873,
       1.02743989, 1.11282151, 1.0321583 , 1.00926169, 1.00183808,
       1.20104254, 1.00071594, 1.01142336, 1.00949489, 1.00020399,
       1.01191652, 1.00078662, 1.00396432, 1.00002302, 1.00852787,
       1.00720155, 1.00880058, 1.00778184, 1.00232374, 1.00010265,
       1.01613189, 1.00023715, 1.00030811, 1.00000242, 1.08428371,
       1.14742735, 1.00410342, 1.00099549, 1.00177589, 1.01059188,
       1.00868785, 1.00675958, 1.01734603, 1.00050512, 1.00056914,
       1.00154372, 1.00009954, 1.00219832, 1.00381698, 1.03383003,
       1.00010491, 1.03413316, 1.00905971, 1.32364523, 1.00089527,
       1.00334066, 1.13619718, 1.00349702, 1.00208951, 1.00000731,
       1.02565583, 1.00072703, 1.02851035, 1.00017754, 1.00048726,
       1.05367103, 1.00124308, 1.00152449, 1.01366466, 1.21485186,
       1.00032801, 1.00087684, 1.00794959, 1.00721477, 1.01198604])],
r'$W_{fc}$':['$[m^3/m^3]$', 'cal', [0.2, 0.4], 0.283, 0.087, array([0.32086908, 0.34294344, 0.32125154, 0.23894151, 0.39874469,
       0.2128796 , 0.2576624 , 0.2922285 , 0.2314251 , 0.21929664,
       0.31068543, 0.2661148 , 0.28765451, 0.38717844, 0.26748377,
       0.29279616, 0.24540516, 0.25091571, 0.39811146, 0.2741187 ,
       0.26569345, 0.24693069, 0.35125774, 0.25939845, 0.34416498,
       0.38849717, 0.25230401, 0.35285597, 0.29692127, 0.37918827,
       0.38727138, 0.32238586, 0.36947416, 0.25414513, 0.25141577,
       0.2380323 , 0.23544898, 0.29074936, 0.25890505, 0.34595643,
       0.22923609, 0.2652674 , 0.36987935, 0.25792117, 0.3663538 ,
       0.29340361, 0.3763884 , 0.29554061, 0.31127771, 0.24541035,
       0.25154611, 0.33363354, 0.35660513, 0.24139471, 0.32191192,
       0.32428274, 0.34764038, 0.3314709 , 0.30849534, 0.3692287 ,
       0.26894741, 0.3155305 , 0.23100557, 0.2778067 , 0.29816515,
       0.27880697, 0.26904001, 0.37490594, 0.28422452, 0.32364127,
       0.34144087, 0.31491186, 0.30026637, 0.21557355, 0.25820312,
       0.36270537, 0.3127307 , 0.31125282, 0.28014448, 0.35387532,
       0.2853741 , 0.3597704 , 0.32092276, 0.36288254, 0.34520587,
       0.2160351 , 0.32920471, 0.25672028, 0.2432315 , 0.29136716,
       0.26580055, 0.2883557 , 0.33601382, 0.34471217, 0.2456891 ,
       0.26918104, 0.39316563, 0.30726736, 0.38270812, 0.26474628])],
r'$W_w$':['$[m^3/m^3]$', 'cal', [0.07, 0.17], 0.103, 0.026, array([0.09721161, 0.11719743, 0.09160824, 0.15617151, 0.10610501,
       0.11586971, 0.11156967, 0.13535839, 0.1662662 , 0.07228889,
       0.09164202, 0.0841475 , 0.10649705, 0.09191336, 0.1100693 ,
       0.09155598, 0.08806124, 0.11472452, 0.07488183, 0.16141597,
       0.11188569, 0.1031782 , 0.11160268, 0.07057864, 0.09307289,
       0.09067783, 0.10371007, 0.11005561, 0.10535885, 0.09206959,
       0.11128028, 0.16460611, 0.14757773, 0.11326233, 0.12103241,
       0.15278871, 0.10718741, 0.09137007, 0.07630652, 0.12675867,
       0.13255755, 0.09126731, 0.12657065, 0.15920641, 0.13021891,
       0.08051262, 0.09363155, 0.14048192, 0.11244604, 0.15023135,
       0.09406142, 0.10888919, 0.15740145, 0.09309756, 0.11301832,
       0.14320425, 0.12083038, 0.0975611 , 0.09754034, 0.10957349,
       0.11736396, 0.09116953, 0.10984181, 0.15907055, 0.11591279,
       0.0905083 , 0.09062539, 0.14397269, 0.12987073, 0.10102053,
       0.10874779, 0.1011162 , 0.13753585, 0.09224605, 0.10663976,
       0.13593481, 0.10936945, 0.13722968, 0.15607293, 0.08588924,
       0.16385213, 0.10314956, 0.09280421, 0.1463247 , 0.13417117,
       0.11561901, 0.14030446, 0.16409959, 0.12414444, 0.08992393,
       0.12897735, 0.10030264, 0.08328574, 0.13187543, 0.15992367,
       0.09019896, 0.13240328, 0.1055928 , 0.12425581, 0.08811679])],
r'$\rho_{st}$':['$[mm/h]$', 'cal', [0.1, 0.8], 0.1, 0.129, array([0.21509381, 0.15557464, 0.13832651, 0.1231479 , 0.23698437,
       0.10414942, 0.11042131, 0.10208449, 0.1001575 , 0.23995187,
       0.39610739, 0.25279032, 0.20622144, 0.30072275, 0.11850841,
       0.21375199, 0.272908  , 0.41119812, 0.22252585, 0.47829354,
       0.12530025, 0.53672585, 0.20419284, 0.36831795, 0.25057729,
       0.35847563, 0.22943028, 0.4055338 , 0.15103962, 0.34229233,
       0.26392385, 0.12858037, 0.18581537, 0.11006767, 0.44751566,
       0.33453772, 0.17850745, 0.30131027, 0.32805875, 0.22617577,
       0.10041998, 0.26962822, 0.16834821, 0.14760188, 0.24155702,
       0.32925843, 0.16688807, 0.12689055, 0.16630979, 0.49782347,
       0.21911576, 0.29214611, 0.48370136, 0.21391724, 0.147     ,
       0.10348785, 0.23188289, 0.17274867, 0.1691515 , 0.28821595,
       0.13444364, 0.26530547, 0.10007617, 0.2064478 , 0.20760892,
       0.21698047, 0.27840466, 0.23247944, 0.10163729, 0.2686267 ,
       0.1660684 , 0.17381399, 0.10073549, 0.1416278 , 0.21735821,
       0.21530373, 0.26548128, 0.13801576, 0.10000004, 0.17542005,
       0.20284568, 0.31259893, 0.35045153, 0.23094066, 0.18567961,
       0.11232132, 0.13657292, 0.13395477, 0.49898374, 0.2436382 ,
       0.10395313, 0.30598946, 0.13909644, 0.21658219, 0.12063382,
       0.1403995 , 0.17333668, 0.21876698, 0.35638524, 0.13697905])],
r'$K_{c0}$':['$[-]$', 'cal', [0.0, 2.0], 0.242, 0.026, array([0.30396394, 0.25672067, 0.26333113, 0.09594083, 0.24556485,
       0.21791652, 0.23927673, 0.23031576, 0.07412255, 0.32251855,
       0.28227721, 0.28730557, 0.24806665, 0.31996211, 0.22851927,
       0.28227659, 0.22792472, 0.19244576, 0.26052548, 0.23310774,
       0.23144728, 0.23987437, 0.24847586, 0.28609583, 0.24594923,
       0.27396744, 0.25373037, 0.22594429, 0.25985759, 0.26301696,
       0.32345261, 0.24958052, 0.24406637, 0.21990221, 0.20709572,
       0.15200235, 0.25445196, 0.24699996, 0.26241373, 0.26301301,
       0.23833272, 0.26559225, 0.26462852, 0.10154424, 0.26904757,
       0.26119386, 0.2572193 , 0.15017061, 0.22664443, 0.23233333,
       0.25904646, 0.23467596, 0.22032431, 0.26144479, 0.2444075 ,
       0.2288934 , 0.29834922, 0.28116643, 0.26519947, 0.2886341 ,
       0.25862447, 0.29400613, 0.1993634 , 0.12296469, 0.25317417,
       0.22703699, 0.22933762, 0.27233165, 0.22841387, 0.32919015,
       0.26416434, 0.26975947, 0.18118222, 0.24857783, 0.23452707,
       0.25631252, 0.26636244, 0.25997015, 0.21934915, 0.28294096,
       0.11634004, 0.27203791, 0.27175279, 0.29275898, 0.25501506,
       0.22451585, 0.2513907 , 0.09478174, 0.23308075, 0.30878467,
       0.15731009, 0.22472508, 0.26209887, 0.28384004, 0.13601115,
       0.24262566, 0.26563446, 0.23752431, 0.27352063, 0.23890884])],
}