PAR_dict={
r'$A$':['$[-]$', 'cal', [0.0, 5.0], 0.314, 0.143, array([0.3456671 , 3.22554715, 0.39749053, 0.37763534, 0.43369879,
       0.3426699 , 0.54826037, 0.35119973, 0.34423313, 0.85179913,
       1.33183018, 0.57601283, 0.34944018, 0.42147963, 0.36189056,
       0.4479473 , 0.33459094, 0.61224745, 0.3359066 , 0.58797038,
       0.33392366, 0.31722293, 0.36748867, 0.37067203, 2.3584402 ,
       2.87224402, 2.22958014, 0.37227526, 0.33869905, 0.89230399,
       0.33066798, 0.34872977, 0.35298478, 0.34768126, 3.70588116,
       0.32737692, 0.33268245, 0.78338767, 0.36056912, 0.3663733 ,
       0.34446074, 0.36364524, 2.24823101, 0.34519352, 0.33756194,
       0.34560022, 0.34625381, 0.31978027, 0.33718361, 0.38760076,
       1.30298437, 0.35487428, 0.68945855, 0.31881795, 0.36698809,
       0.41514684, 0.33784416, 0.32659745, 0.34043441, 0.34276383,
       0.41825357, 0.33252607, 0.3137765 , 0.33272858, 0.34198474,
       0.37284286, 0.33773676, 0.34256016, 0.42390043, 1.35938579,
       0.45051277, 0.38770588, 0.37539429, 0.32213728, 0.34940656,
       0.34819739, 0.32863594, 0.35232846, 0.34010952, 1.73895117,
       3.02506894, 0.33320997, 0.38937754, 0.34325229, 0.31646735,
       0.33526109, 0.34519535, 0.35838479, 0.3659282 , 1.26208613,
       0.39205803, 0.33767991, 0.32990739, 0.89766377, 0.349168  ,
       0.34226569, 0.36063164, 0.34215229, 0.359313  , 0.3510338 ])],
r'$B$':['$[-]$', 'cal', [0.0, 3.0], 0.67, 0.099, array([0.73809058, 0.02722945, 0.52297665, 0.58051418, 0.41294687,
       0.85638959, 0.26978975, 0.77094113, 0.69559941, 0.13888327,
       0.07724408, 0.23657531, 0.74281957, 0.48839285, 0.666232  ,
       0.38691829, 0.8648727 , 0.22261695, 0.76066215, 0.20652458,
       0.83263046, 1.02876826, 0.60825703, 0.59902743, 0.04114462,
       0.03007759, 0.04287343, 0.53965542, 0.75863099, 0.12053338,
       0.69428444, 0.77765238, 0.68974798, 0.7263752 , 0.02439314,
       1.0147972 , 0.82533625, 0.15678622, 0.6151834 , 0.61982378,
       0.75430678, 0.63226948, 0.04026021, 0.74261089, 0.77155806,
       0.76651338, 0.73076371, 1.13522982, 0.77209127, 0.53038739,
       0.07950686, 0.68798325, 0.18860364, 1.05885786, 0.60513286,
       0.43773232, 0.75160719, 0.94254075, 0.755326  , 0.74108592,
       0.43627207, 0.9015802 , 0.9581309 , 0.76987099, 0.7194003 ,
       0.58522596, 0.79733343, 0.77544876, 0.44627492, 0.07435832,
       0.37472436, 0.52457192, 0.52950377, 0.86238664, 0.71988533,
       0.71322288, 0.9899961 , 0.71757475, 0.78047212, 0.05602135,
       0.03088049, 1.00557662, 0.52670853, 0.79505637, 1.04764024,
       0.88266803, 0.80632093, 0.67339073, 0.59976533, 0.08390941,
       0.54777234, 0.78523978, 0.86754135, 0.1476528 , 0.73461962,
       0.69691503, 0.64438654, 0.70537325, 0.64664699, 0.68313114])],
r'$C$':['$[dB]$', 'cal', [-30.0, -5.0], -15.724, 2.026, array([-17.35809418, -15.95891268, -16.67930181, -15.52397932,
       -19.78357278, -19.88431782, -16.67543298, -14.89396225,
       -17.22299857, -15.81868307, -15.79925638, -14.86769906,
       -16.52195487, -14.45718027, -16.60990662, -17.96150861,
       -16.71512594, -16.20500721, -15.09765329, -15.5593456 ,
       -15.71036002, -22.94380036, -15.11134555, -15.89305641,
       -18.33353697, -14.62154696, -16.59399218, -14.15634696,
       -20.4186528 , -14.54077611, -16.71905456, -20.62376831,
       -16.98056831, -16.28029679, -15.49173164, -17.75226803,
       -15.9519093 , -16.72526908, -15.5865853 , -15.61841636,
       -14.95276113, -14.87417714, -15.17248629, -14.77095884,
       -17.28230781, -15.93470325, -14.44688075, -21.00213625,
       -15.75935373, -15.76701066, -14.89459695, -19.41976634,
       -17.57846262, -17.91977488, -21.67875555, -21.60277961,
       -15.09720599, -21.91500025, -19.60561416, -14.72365397,
       -14.73273819, -23.85755348, -14.28905151, -14.36782024,
       -15.3528097 , -16.08906606, -14.59622732, -15.84442537,
       -16.59228893, -15.5812589 , -14.89838177, -18.08655116,
       -14.55746744, -15.76350143, -16.18725065, -15.55590317,
       -18.72450946, -17.60613687, -15.7193904 , -14.74046275,
       -16.47842575, -18.45629291, -16.01883286, -17.26057153,
       -19.7500295 , -23.58846386, -21.02841069, -18.51936187,
       -15.4364804 , -16.52151684, -15.38595286, -15.22720221,
       -16.31809443, -26.03756754, -21.02770233, -14.47310783,
       -15.08794676, -15.05603456, -20.16848375, -14.852314  ])],
r'$D$':['$[dB m^3/m^3]$', 'cal', [10.0, 100.0], 27.816, 14.221, array([53.54446396, 25.79799793, 42.21593462, 35.19893269, 57.07650935,
       58.77372213, 37.17605565, 26.60827926, 44.31419166, 29.65973203,
       30.3969679 , 23.97820045, 38.74278977, 23.50148894, 36.72619409,
       41.72519692, 46.68876257, 33.73770688, 26.16509927, 25.6946099 ,
       33.83633657, 69.92842612, 34.11523744, 38.94536677, 53.88525421,
       26.87447062, 32.55797696, 28.97458485, 62.11148792, 34.57924895,
       39.75015291, 67.15020374, 36.42077986, 43.46918234, 24.08555979,
       49.30730361, 42.58315275, 41.17162944, 31.1364861 , 28.27132537,
       29.53653038, 32.46555768, 28.69097048, 28.63691409, 51.1742932 ,
       33.70820321, 27.26399193, 54.25363867, 32.12894693, 39.46142871,
       23.80812816, 53.22436929, 42.55511914, 48.12691364, 66.01457483,
       66.94168458, 32.76089534, 61.07531783, 62.12762115, 31.14619634,
       31.06627136, 85.92161483, 33.16626333, 33.76009766, 38.8984926 ,
       32.79571572, 24.59640746, 29.5068652 , 38.0945217 , 31.24742592,
       29.39686381, 61.32786028, 25.68765201, 44.41881643, 34.0584787 ,
       39.05012819, 48.74146247, 44.97403285, 31.03866063, 22.81801508,
       34.17893836, 52.46388713, 30.3984695 , 44.3431839 , 56.50537555,
       89.09644838, 71.55548604, 54.40662583, 30.99215778, 36.08578054,
       42.26089305, 31.84310871, 42.23273916, 88.71980831, 55.08147923,
       31.57557853, 28.95634483, 34.40424664, 51.32354957, 30.76905879])],
r'$\delta_0$':['$[mm]$', 'cal', [1.0, 2.0], 1.003, 0.005, array([1.01452574, 1.03162792, 1.02802162, 1.02491283, 1.00585629,
       1.01427587, 1.00016445, 1.0000656 , 1.00213017, 1.0019115 ,
       1.0000263 , 1.00270877, 1.00010825, 1.0131732 , 1.05446327,
       1.00003978, 1.00203421, 1.00015407, 1.00220048, 1.02639226,
       1.00075059, 1.00681986, 1.00396707, 1.00090204, 1.32300055,
       1.00425959, 1.01363648, 1.02255944, 1.11607003, 1.00369781,
       1.00472702, 1.00024619, 1.00212788, 1.03628461, 1.00704793,
       1.00321534, 1.00607546, 1.0002055 , 1.00052307, 1.0000254 ,
       1.00582641, 1.0264164 , 1.00426565, 1.00386013, 1.13696766,
       1.00096753, 1.05427706, 1.00211177, 1.02935013, 1.00022541,
       1.00066055, 1.4357814 , 1.00183814, 1.01981501, 1.08954835,
       1.00825871, 1.00982069, 1.01887948, 1.02222271, 1.00188424,
       1.011042  , 1.01305332, 1.00314521, 1.00091831, 1.01485957,
       1.00009285, 1.00201942, 1.04009333, 1.0122329 , 1.00361804,
       1.01576926, 1.11686782, 1.00119493, 1.00026187, 1.01329642,
       1.00036107, 1.00188395, 1.00441863, 1.00072224, 1.0007063 ,
       1.07139384, 1.00538698, 1.00139771, 1.00033767, 1.04729927,
       1.01526725, 1.01193392, 1.12541402, 1.0077657 , 1.00029314,
       1.01526107, 1.00037837, 1.00190121, 1.14718401, 1.00867346,
       1.0279556 , 1.00047499, 1.15281659, 1.136453  , 1.00004348])],
r'$W_{fc}$':['$[m^3/m^3]$', 'cal', [0.2, 0.4], 0.276, 0.049, array([0.22940726, 0.37394168, 0.2684501 , 0.2901725 , 0.24751246,
       0.25215398, 0.28671613, 0.37117461, 0.27321472, 0.32712381,
       0.31172734, 0.36698389, 0.29721931, 0.38278635, 0.31081981,
       0.29352029, 0.24525508, 0.30068794, 0.38375522, 0.36208145,
       0.31854488, 0.25964695, 0.28899022, 0.27093634, 0.22448884,
       0.29280686, 0.31274075, 0.29207364, 0.24768361, 0.24539299,
       0.27648355, 0.22673392, 0.32619665, 0.25946809, 0.37796867,
       0.26620662, 0.25999035, 0.2554815 , 0.33289016, 0.366905  ,
       0.33565406, 0.29437904, 0.30902751, 0.3404757 , 0.24231537,
       0.32640613, 0.34661371, 0.29849969, 0.33384981, 0.25969058,
       0.3636242 , 0.26897886, 0.26964477, 0.27682239, 0.24953805,
       0.22840245, 0.30412095, 0.27444922, 0.23285366, 0.30963464,
       0.29623711, 0.21706159, 0.28556448, 0.26925327, 0.25479736,
       0.32716803, 0.39314274, 0.36775627, 0.28750533, 0.29600162,
       0.30645315, 0.20826553, 0.3502463 , 0.24533313, 0.32587562,
       0.26720037, 0.28455948, 0.27720468, 0.34623627, 0.37529845,
       0.29403175, 0.26481084, 0.34773621, 0.27729448, 0.2686548 ,
       0.20514672, 0.21722238, 0.24587924, 0.32861843, 0.28358025,
       0.2351733 , 0.32219782, 0.26275626, 0.21895725, 0.28048687,
       0.28680011, 0.33513061, 0.2807261 , 0.29056288, 0.31354385])],
r'$W_w$':['$[m^3/m^3]$', 'cal', [0.07, 0.17], 0.105, 0.015, array([0.09346022, 0.1426137 , 0.10266381, 0.09091231, 0.12980491,
       0.11989636, 0.1109361 , 0.10894892, 0.11223199, 0.1152715 ,
       0.10623522, 0.09691575, 0.11320281, 0.10312145, 0.11814192,
       0.1335961 , 0.099415  , 0.11207754, 0.10586145, 0.1156231 ,
       0.09695261, 0.15775155, 0.08874621, 0.08767683, 0.11420069,
       0.12383846, 0.12532275, 0.08854172, 0.13333384, 0.14309076,
       0.07363126, 0.13149269, 0.13438499, 0.10216899, 0.12429484,
       0.10316304, 0.09276187, 0.10239055, 0.1091018 , 0.11716254,
       0.10139125, 0.08245666, 0.10458781, 0.10254051, 0.10369736,
       0.10848919, 0.09413358, 0.16514845, 0.10875083, 0.08600604,
       0.102768  , 0.13639514, 0.11716259, 0.11075739, 0.14785508,
       0.14431237, 0.09996591, 0.16160839, 0.11465468, 0.08995291,
       0.0838118 , 0.13087604, 0.11857595, 0.10530728, 0.11587552,
       0.11126323, 0.0979243 , 0.11956554, 0.10328293, 0.10311706,
       0.08860717, 0.09732426, 0.13618351, 0.07971287, 0.11287583,
       0.08335475, 0.11818859, 0.11362472, 0.10953945, 0.10781014,
       0.11555105, 0.1192543 , 0.11724771, 0.11165178, 0.1360143 ,
       0.14103522, 0.11601889, 0.11292733, 0.11225751, 0.11268003,
       0.07338573, 0.09157131, 0.14754278, 0.15303999, 0.15915203,
       0.11296551, 0.08985597, 0.11396394, 0.15669328, 0.0927787 ])],
r'$\rho_{st}$':['$[mm/h]$', 'cal', [0.1, 0.8], 0.1, 0.137, array([0.15748925, 0.2286355 , 0.14494251, 0.24278349, 0.1058062 ,
       0.10245109, 0.17570092, 0.31322752, 0.15993848, 0.19655003,
       0.19428628, 0.23285929, 0.19255879, 0.37173937, 0.15534212,
       0.11233722, 0.34885179, 0.21546525, 0.18487534, 0.19480052,
       0.18796396, 0.11122902, 0.29579563, 0.20693157, 0.18814492,
       0.4824566 , 0.19991176, 0.51531296, 0.10070556, 0.44609121,
       0.31552206, 0.21091946, 0.15236935, 0.26107825, 0.21933508,
       0.10097517, 0.25413888, 0.2120959 , 0.20919069, 0.18224987,
       0.32085377, 0.32169797, 0.34544044, 0.34208305, 0.18894325,
       0.14785911, 0.35288044, 0.18058197, 0.21624812, 0.25890308,
       0.25685914, 0.10762807, 0.13114841, 0.10801886, 0.10077211,
       0.18160613, 0.34221964, 0.18031072, 0.10769906, 0.34293348,
       0.30487333, 0.10170112, 0.46898697, 0.49130775, 0.4255331 ,
       0.16407005, 0.22554337, 0.15558455, 0.13105977, 0.29577066,
       0.34049805, 0.149705  , 0.4548748 , 0.21418204, 0.15818429,
       0.22232194, 0.10082895, 0.12388441, 0.15339357, 0.26929345,
       0.20496525, 0.12953645, 0.16467745, 0.13401286, 0.10008496,
       0.15821041, 0.1966873 , 0.10106502, 0.27143553, 0.20781334,
       0.23165685, 0.22337261, 0.37355951, 0.10085546, 0.18718038,
       0.4807975 , 0.28075698, 0.43574481, 0.1009029 , 0.33487865])],
r'$K_{c0}$':['$[-]$', 'cal', [0.0, 2.0], 0.248, 0.033, array([0.24498064, 0.3083993 , 0.27576553, 0.26011733, 0.2116499 ,
       0.16709993, 0.24918027, 0.24447117, 0.25156167, 0.28969617,
       0.30324302, 0.30031326, 0.24103986, 0.25423727, 0.26439023,
       0.23252915, 0.15598327, 0.2565847 , 0.27330168, 0.28840632,
       0.25195022, 0.13595352, 0.28278081, 0.25402238, 0.31981325,
       0.22031262, 0.2751364 , 0.23721828, 0.22403409, 0.22529408,
       0.14353933, 0.11698908, 0.25314184, 0.26555861, 0.30830002,
       0.20942056, 0.25411793, 0.25717508, 0.27603186, 0.27419944,
       0.25160386, 0.25934385, 0.31937985, 0.26530611, 0.28497521,
       0.26525893, 0.2833406 , 0.112592  , 0.26007558, 0.24873942,
       0.31566283, 0.28774373, 0.25268088, 0.2165793 , 0.21761835,
       0.11231313, 0.2683246 , 0.10987358, 0.20408822, 0.26717302,
       0.28988089, 0.12209478, 0.20826521, 0.22124839, 0.18998284,
       0.26077988, 0.27978219, 0.26091977, 0.25578619, 0.28500292,
       0.26838492, 0.28954585, 0.22815134, 0.25813403, 0.26060934,
       0.26574255, 0.17156821, 0.22992765, 0.26348651, 0.3276013 ,
       0.29424331, 0.20365388, 0.26264063, 0.23829149, 0.20932938,
       0.10330383, 0.11616093, 0.25259556, 0.26527132, 0.2772172 ,
       0.28233536, 0.2637729 , 0.16449362, 0.09172271, 0.11532947,
       0.21950306, 0.23817076, 0.22401472, 0.22972912, 0.26117167])],
}