A:[0.3, 'cal', [0.01, 1.0], 0.182, 0.009, array([0.18642494, 0.22815746, 0.28663828, 0.20577645, 0.22776888,
       0.22329232, 0.17386103, 0.25010034, 0.19412526, 0.18505877,
       0.18047591, 0.19800349, 0.21582975, 0.18091095, 0.19250902,
       0.18314604, 0.18738053, 0.18553428, 0.1863311 , 0.18619868])]
B:[1.5, 'cal', [0.1, 3.0], 0.416, 0.469, array([1.43600268, 0.48056861, 0.29899807, 0.63093096, 0.48008634,
       0.48347135, 2.91955897, 0.38780999, 0.79850842, 1.09795386,
       2.29851448, 0.77894436, 0.5410219 , 1.50854252, 0.76955867,
       1.23401111, 0.91501754, 0.87460515, 1.20771936, 1.96610911])]
C:[-15, 'cal', [-30.0, -5.0], -16.972, 0.998, array([-17.35241924, -17.79011835, -16.37116977, -17.05697032,
       -16.79807286, -17.29639894, -16.98032928, -16.90812581,
       -16.77202719, -15.57524401, -15.32976454, -17.87068219,
       -19.29956594, -16.44101566, -19.12872583, -16.65414834,
       -15.94350323, -18.1231684 , -16.99907596, -15.95471362])]
D:[30, 'cal', [10.0, 100.0], 21.128, 4.724, array([26.74177809, 22.92190518, 17.00927628, 18.91974296, 17.72895928,
       20.48899112, 32.8598115 , 17.76763361, 19.09933404, 18.73752721,
       25.847447  , 25.42697503, 24.74299914, 24.54243947, 28.15750695,
       23.80787736, 19.04546082, 25.34191736, 23.33216866, 25.32369645])]
W_max:[100, 'cal', [1.0, 100.0], 4.137, 0.722, array([12.556974  ,  6.55588488,  4.08482566,  7.07148341,  6.70133666,
        7.87247245, 13.17276466,  4.74586767,  5.42932838,  5.3806622 ,
       10.82817317,  4.53503575, 13.81215456,  3.47815733, 14.55098006,
        4.06568319,  5.02203486,  5.25126836,  5.18191525,  3.31758453])]
WW_fc:[0.32, 'cal', [0.4, 0.5], 0.423, 0.025, array([0.42855742, 0.40993844, 0.44021639, 0.48107389, 0.48499975,
       0.44470854, 0.42199391, 0.46061559, 0.46889177, 0.44976137,
       0.42798714, 0.40061481, 0.45930591, 0.42298964, 0.41337624,
       0.41051039, 0.43907506, 0.40893291, 0.43207059, 0.4295352 ])]
WW_w:[0.09, 'cal', [0.1, 0.2], 0.179, 0.019, array([0.18781181, 0.13948161, 0.17846017, 0.186454  , 0.12354364,
       0.18557365, 0.16155916, 0.15374885, 0.18255443, 0.16791735,
       0.17050973, 0.18922748, 0.1999783 , 0.17826763, 0.18807253,
       0.13373723, 0.15204615, 0.18616118, 0.16356246, 0.12102555])]
rho_st:[0.4, 'cal', [0.38, 0.62], 0.464, 0.087, array([0.47609743, 0.38106409, 0.56138737, 0.50762062, 0.37504858,
       0.49288454, 0.46498548, 0.51087162, 0.50942012, 0.59714849,
       0.56266901, 0.42973765, 0.38489434, 0.50846889, 0.4025785 ,
       0.49863348, 0.57914462, 0.42163722, 0.47077811, 0.39695981])]
Kc0:[0.5, 'cal', [0.5, 1.5], 0.542, 0.244, array([1.48232681, 0.81897941, 0.65466201, 1.05468893, 1.23407877,
       1.10603501, 1.49288786, 0.7187401 , 0.83320984, 0.89140175,
       1.47619211, 0.54848647, 1.42626144, 0.50108279, 1.44190935,
       0.55021814, 0.79026428, 0.62205353, 0.6959392 , 0.50102214])]
