A:[0.3, 'cal', [0.01, 1.0], 0.312, 0.022, array([0.32689153, 0.31087062, 0.33891556, 0.39095306, 0.35200959,
       0.3840447 , 0.3226733 , 0.32374175, 0.27902478, 0.53732372,
       0.3787176 , 0.32598864, 0.33787177, 0.33721794, 0.34076307,
       0.36358669, 0.41246462, 0.34383614, 0.32902215, 0.38315785,
       0.34301605, 0.29513774, 0.31539505, 0.38088574, 0.31444086,
       0.41564389, 0.32189528, 0.3211429 , 0.31706001, 0.33816419,
       0.30529209, 0.30936097, 0.30096972, 0.32575374, 0.31881935,
       0.34408633, 0.3706775 , 0.30416617, 0.31964473, 0.33513813])]
B:[1.5, 'cal', [0.1, 3.0], 0.671, 0.227, array([0.79703567, 2.3962587 , 0.89098114, 0.90265698, 0.77305213,
       0.48279743, 0.85563242, 0.71843747, 1.13894442, 0.21974366,
       0.57676944, 1.00005821, 1.22820263, 0.87278723, 0.87500961,
       0.5698238 , 0.44513423, 0.66098861, 0.85908047, 0.52765694,
       1.15296336, 0.81907939, 2.31366571, 0.53408818, 2.37893279,
       0.67910084, 0.92457036, 1.06895667, 0.84701809, 1.33271203,
       1.43236442, 0.73827943, 0.87737413, 0.90817867, 1.08378152,
       0.68901711, 2.82649922, 1.66565692, 0.89454831, 0.73704058])]
C:[-15, 'cal', [-30.0, -5.0], -16.534, 3.285, array([-17.0918303 , -15.87113996, -13.16098981, -17.49744439,
       -12.68385854, -11.60985793, -19.77105266, -18.31971987,
       -24.69484429, -21.78975941, -12.98555956, -11.1616039 ,
       -18.17370891, -13.67952274, -13.36009261, -17.51553963,
       -15.13449991, -17.78435932, -15.95254256, -20.25446121,
       -12.7557818 , -15.30856125, -17.30133475, -12.68432986,
       -20.75707219, -17.18502559, -16.46437311, -16.29014106,
       -15.67502183, -11.93635638, -18.53830675, -16.67421209,
       -17.51902719, -11.96655271, -16.77466286, -17.62716743,
       -23.87881886, -12.15440191, -16.62562101, -15.82855262])]
D:[30, 'cal', [10.0, 100.0], 30.164, 13.555, array([37.57214728, 37.63862435, 22.90604779, 41.57279611, 19.31497505,
       19.65055016, 45.05209208, 42.70069104, 56.48159392, 50.14652629,
       20.83565857, 18.42499563, 45.61493021, 25.30191592, 21.7749304 ,
       37.4886118 , 27.34619531, 36.1231617 , 32.43906849, 42.91903634,
       29.85795437, 27.36798286, 50.22169747, 22.3532331 , 60.23478375,
       41.82920597, 31.45683764, 40.22924424, 29.60819015, 25.28529441,
       41.44366511, 38.84008698, 41.54981373, 21.06924585, 39.36328067,
       40.13336015, 63.79059733, 24.43753866, 36.67935829, 36.17210298])]
W_max:[100, 'cal', [1.0, 150.0], 7.404, 7.154, array([16.41281684,  4.64917452,  7.41604033,  8.79045702,  3.77550121,
       13.31220431, 19.04620153, 19.49753315,  9.31715087, 60.7704679 ,
        9.75590342, 10.48100388, 23.05229074, 10.11009425,  3.40737394,
       16.1172681 , 12.5600136 , 14.36059809, 13.1536606 ,  9.63037812,
       13.11881269, 10.8144515 , 22.68393946, 12.21858245,  7.73296782,
       27.74523395,  8.77034458, 16.68875683, 13.00099537,  3.4190886 ,
       15.21979485, 17.93009476, 21.83189508,  8.28456002, 15.06522259,
        3.81077837, 66.72458824,  5.35815242,  6.62144033, 18.03075491])]
WW_fc:[0.32, 'cal', [0.3, 0.4], 0.32, 0.031, array([0.32695923, 0.34530259, 0.37239744, 0.32806921, 0.39807619,
       0.32396893, 0.33147385, 0.31344315, 0.33420465, 0.31126473,
       0.3704779 , 0.38820415, 0.31447268, 0.35364467, 0.39255513,
       0.3263622 , 0.35224389, 0.35064502, 0.34431769, 0.34050214,
       0.30229142, 0.36880141, 0.3003825 , 0.33952748, 0.30466967,
       0.30060808, 0.38048314, 0.30475322, 0.36681182, 0.31332457,
       0.35363983, 0.3013542 , 0.31246427, 0.3453129 , 0.32082818,
       0.31361326, 0.35016717, 0.35905063, 0.32647114, 0.30949502])]
WW_w:[0.09, 'cal', [0.01, 0.2], 0.15, 0.047, array([0.15573475, 0.12194423, 0.08452532, 0.16505039, 0.06451908,
       0.01590806, 0.18764321, 0.16540091, 0.19920431, 0.19749703,
       0.07165678, 0.03669869, 0.16631815, 0.09556184, 0.08991257,
       0.15872493, 0.12809863, 0.17336233, 0.14269067, 0.19498039,
       0.07913542, 0.13789839, 0.13081164, 0.06576147, 0.17309085,
       0.13232985, 0.16698226, 0.13624002, 0.14471167, 0.11425439,
       0.18496294, 0.13650081, 0.14916127, 0.02900988, 0.14340431,
       0.15969937, 0.19920374, 0.05354162, 0.13842923, 0.19019672])]
rho_st:[0.02, 'cal', [0.1, 0.8], 0.161, 0.111, array([0.24191451, 0.10261488, 0.27267172, 0.13563474, 0.37915114,
       0.5600759 , 0.16915372, 0.25250102, 0.14050035, 0.13123403,
       0.39019413, 0.5776518 , 0.22684342, 0.34250407, 0.24564174,
       0.21862852, 0.31503731, 0.18086519, 0.26838628, 0.11238465,
       0.46491428, 0.29996361, 0.10775702, 0.4685471 , 0.11011884,
       0.14143221, 0.16818209, 0.26068855, 0.28574622, 0.62526914,
       0.16675239, 0.28156021, 0.21328656, 0.32096051, 0.20904137,
       0.19717175, 0.10746421, 0.17923416, 0.11255827, 0.35416228])]
Kc0:[0.04, 'cal', [0.0, 1.0], 0.446, 0.216, array([0.47830882, 0.15109812, 0.41394912, 0.32720929, 0.22624932,
       0.80663184, 0.4896968 , 0.55066534, 0.113495  , 0.68660571,
       0.47278891, 0.74167522, 0.5215915 , 0.43125828, 0.19519601,
       0.50791508, 0.4939018 , 0.48576419, 0.45598259, 0.24173147,
       0.58062264, 0.42844306, 0.70238216, 0.643335  , 0.17103399,
       0.73844242, 0.4100527 , 0.5090334 , 0.49386557, 0.13519751,
       0.44949587, 0.57647   , 0.72090598, 0.46104476, 0.47868404,
       0.14760867, 0.76150134, 0.28061367, 0.21311321, 0.61585036])]
