A:['[-]', 'cal', [0.0, 1.0], 0.179, 0.047, array([0.23681754, 0.19753365, 0.46705724, 0.19598689, 0.45431378,
       0.1805601 , 0.18196537, 0.44884538, 0.33039023, 0.7824117 ,
       0.18639851, 0.22594982, 0.18877574, 0.20676173, 0.22929589,
       0.18142355, 0.26187578, 0.24354607, 0.33197285, 0.47317688,
       0.2697909 , 0.20725075, 0.45603   , 0.2010336 , 0.27570107,
       0.43350152, 0.18641983, 0.18573968, 0.22423369, 0.18756403,
       0.5997601 , 0.19886866, 0.61882829, 0.29393835, 0.18013899,
       0.18432714, 0.18258388, 0.18994699, 0.52592011, 0.56473255,
       0.19049533, 0.91670255, 0.21924568, 0.18520423, 0.21808785,
       0.26942979, 0.17911352, 0.21139004, 0.39235392, 0.18407107,
       0.19912305, 0.18629547, 0.18042571, 0.18003133, 0.46524034,
       0.18337654, 0.20894658, 0.19444016, 0.20160455, 0.33620835,
       0.31587742, 0.18073242, 0.18233126, 0.24393622, 0.29740603,
       0.18106666, 0.18618706, 0.18386845, 0.28610084, 0.21253755,
       0.31994875, 0.18634071, 0.18295878, 0.19696699, 0.1811221 ,
       0.26497637, 0.25921665, 0.1849186 , 0.25668543, 0.18174637,
       0.28732972, 0.18371617, 0.18780584, 0.20824496, 0.32599498,
       0.22953385, 0.18355803, 0.26780561, 0.30955753, 0.20116632,
       0.19596607, 0.19175864, 0.18299494, 0.18620882, 0.26056034,
       0.40642725, 0.18306989, 0.2580161 , 0.22821269, 0.37486484])]
B:['[-]', 'cal', [0.0, 3.0], 0.32, 0.5, array([0.44682904, 0.77497394, 0.15165856, 0.85394916, 0.15865969,
       1.8193143 , 1.43278952, 0.1557739 , 0.25210214, 0.07824777,
       1.24972261, 0.50684565, 1.04185301, 0.63913499, 0.50788161,
       1.73490845, 0.35974247, 0.43720978, 0.2476649 , 0.14516127,
       0.34713774, 0.6617307 , 0.15196284, 0.69672149, 0.32062152,
       0.19117698, 1.20029121, 1.16709952, 0.52971333, 1.04564577,
       0.10849726, 0.7195956 , 0.10640294, 0.2996506 , 2.53699695,
       1.17228631, 1.21897965, 0.93358957, 0.13289486, 0.11878954,
       0.9924169 , 0.06658192, 0.54705966, 0.894783  , 0.59020827,
       0.34887777, 1.19557328, 0.65480815, 0.19312078, 1.16371066,
       0.72258179, 1.54787063, 2.26702088, 1.24927294, 0.15280824,
       1.27751365, 0.65379603, 0.76218367, 0.69053599, 0.27415624,
       0.26059206, 0.79373681, 0.96342872, 0.43283002, 0.29871157,
       1.34405636, 1.01191047, 1.45801363, 0.3123999 , 0.60712763,
       0.26077381, 0.98186495, 1.14075818, 0.7257609 , 1.62835789,
       0.40318616, 0.4181977 , 1.03555386, 0.3832094 , 1.42870221,
       0.30725434, 1.08607483, 1.03138592, 0.67568338, 0.26032539,
       0.4936949 , 1.39089624, 0.35293386, 0.27146305, 0.7280078 ,
       0.92881849, 0.93091836, 1.44140952, 1.22004969, 0.41117249,
       0.18144202, 1.13798015, 0.38121343, 0.5246986 , 0.2086201 ])]
C:['[dB]', 'cal', [-30.0, -5.0], -17.888, 0.326, array([-17.44415028, -17.21082691, -17.96347745, -17.16858979,
       -17.97129523, -16.73365751, -16.94058884, -17.51779787,
       -17.39509405, -17.53179376, -16.90874259, -17.41790784,
       -17.06029975, -17.34376504, -17.29540339, -16.85108568,
       -17.45027145, -17.86328423, -17.90836745, -17.50566374,
       -17.44043636, -17.36313368, -17.50557746, -17.4578023 ,
       -17.57235087, -21.67275969, -16.95043386, -17.32913739,
       -17.879238  , -17.15889307, -17.55614779, -17.32631935,
       -17.9528419 , -17.70373423, -25.62550283, -17.01921093,
       -17.0174307 , -17.24921832, -17.31642491, -17.37413483,
       -17.17324046, -18.04284644, -17.42718309, -17.42457831,
       -17.31178457, -17.42059559, -17.11306068, -23.19984577,
       -17.41416543, -17.05633799, -17.28008706, -16.69024096,
       -19.6171398 , -17.10785275, -17.9457726 , -16.95896756,
       -17.33549083, -17.7695546 , -17.63273418, -21.85138788,
       -17.49032225, -17.77731607, -19.65909631, -17.36172231,
       -17.92875238, -17.08384395, -17.23918538, -16.78769779,
       -17.48257122, -17.76973452, -17.46403331, -17.16382613,
       -17.16031568, -17.34956594, -16.83034767, -22.47025146,
       -23.49651183, -17.17285004, -17.40202506, -16.89567855,
       -17.45468435, -17.14122431, -17.26324602, -17.74504394,
       -17.89606968, -17.85181671, -16.83639132, -17.88486355,
       -17.4539407 , -17.73013046, -17.106558  , -17.12651365,
       -16.90939568, -17.06801232, -22.26560237, -17.45801043,
       -17.07519682, -17.99353067, -17.32796444, -17.90247471])]
D:['[dB m3/m3]', 'cal', [10.0, 100.0], 21.881, 5.136, array([23.04927704, 30.18739739, 25.09672648, 20.5121038 , 24.46796115,
       34.87682499, 29.33174129, 27.08088163, 18.97776365, 18.33629369,
       27.29938434, 21.15711914, 24.34123385, 26.5401538 , 21.00335019,
       27.37231542, 22.93832386, 23.29119737, 21.39198184, 20.23007318,
       22.55594418, 23.08878436, 18.81110012, 27.2245051 , 21.52767996,
       35.73222719, 29.07115024, 26.51825344, 19.84286321, 23.42264617,
       21.89598621, 24.43971126, 21.82735361, 21.68291531, 55.72570209,
       28.08882827, 29.08676991, 25.83605577, 20.34226104, 21.47457614,
       30.6106648 , 20.02214523, 20.71069781, 25.07442918, 23.81276011,
       24.75647586, 23.02695685, 41.71745495, 19.71024414, 24.57008243,
       24.73860415, 23.23935972, 44.12632631, 34.67099816, 21.55203823,
       28.99499396, 28.85027839, 28.40232395, 22.13961237, 29.88414502,
       21.26011669, 34.17956562, 30.9542072 , 23.67559435, 18.55013856,
       27.48495732, 30.47481081, 29.91997645, 23.81076098, 30.29799061,
       19.18392605, 27.29787306, 25.68004795, 22.34419229, 31.90454343,
       35.53665556, 35.53628794, 24.5121316 , 19.34858101, 25.26840429,
       19.76760001, 32.28745959, 23.71223338, 21.94833156, 26.89732003,
       29.32227734, 33.74882975, 26.26396947, 19.69437901, 22.70269052,
       24.51928176, 30.79394872, 34.66405925, 25.36501607, 37.02436259,
       25.81415389, 25.89679443, 26.53449656, 28.93540022, 25.1441361 ])]
WW_fc:['[m3/m3]', 'cal', [0.3, 0.5], 0.387, 0.062, array([0.41316846, 0.33075795, 0.35217575, 0.49044   , 0.37043692,
       0.33109178, 0.37417192, 0.33216513, 0.47327495, 0.47925548,
       0.39117933, 0.45083532, 0.42937919, 0.37031391, 0.44897221,
       0.42356272, 0.40653298, 0.40441607, 0.42197085, 0.44216205,
       0.41766656, 0.42530611, 0.47633106, 0.36953577, 0.42505025,
       0.3200489 , 0.36185516, 0.39935238, 0.48756831, 0.45465403,
       0.40439264, 0.4090148 , 0.39982287, 0.4146341 , 0.36685656,
       0.37493959, 0.36898837, 0.39697595, 0.42925132, 0.40312137,
       0.34008654, 0.44811084, 0.46638115, 0.40759016, 0.4089632 ,
       0.37650108, 0.46165788, 0.3361604 , 0.45387178, 0.4325802 ,
       0.40262826, 0.48239892, 0.32234516, 0.31224248, 0.40920918,
       0.37080629, 0.3386875 , 0.34537914, 0.44614985, 0.39370848,
       0.43475019, 0.30407491, 0.36454134, 0.40431288, 0.49264868,
       0.39959376, 0.34666298, 0.36847871, 0.3892371 , 0.31761393,
       0.47801969, 0.3775103 , 0.41108391, 0.44609975, 0.35791174,
       0.3546274 , 0.38462848, 0.42777557, 0.48433845, 0.43319121,
       0.46841678, 0.32673556, 0.44947055, 0.44974691, 0.33536929,
       0.32342504, 0.3232199 , 0.35407761, 0.46787742, 0.43683164,
       0.4188567 , 0.334658  , 0.32007385, 0.43194314, 0.33768871,
       0.34845788, 0.40543493, 0.35388529, 0.33983598, 0.35550095])]
WW_w:['[m3/m3]', 'cal', [0.1, 0.2], 0.137, 0.023, array([0.1457828 , 0.15451063, 0.11002394, 0.18385989, 0.11576735,
       0.12132098, 0.13598043, 0.10693212, 0.13841916, 0.14645834,
       0.18298326, 0.16265254, 0.17492069, 0.14745238, 0.16217652,
       0.15172924, 0.14682228, 0.12941736, 0.13398801, 0.14035331,
       0.15164614, 0.15231099, 0.1586095 , 0.1331677 , 0.14137483,
       0.10052719, 0.13128042, 0.14677556, 0.16525428, 0.18460664,
       0.1186345 , 0.1486067 , 0.1234364 , 0.13230371, 0.11034815,
       0.13839886, 0.14287961, 0.16109789, 0.12219269, 0.12752199,
       0.12726454, 0.14013175, 0.16835495, 0.14310764, 0.14863075,
       0.1200712 , 0.16940216, 0.11356304, 0.13891626, 0.17621433,
       0.14630804, 0.17099127, 0.11023495, 0.11475542, 0.12634238,
       0.1369181 , 0.12106998, 0.13730225, 0.15498239, 0.11582159,
       0.15276053, 0.12278519, 0.13873599, 0.14452148, 0.15405763,
       0.18999322, 0.12294752, 0.13337449, 0.119529  , 0.15112243,
       0.14709723, 0.13377555, 0.14916779, 0.15735829, 0.17109124,
       0.11157214, 0.14375261, 0.17356536, 0.15417404, 0.16407055,
       0.14771572, 0.15246461, 0.16253266, 0.14273619, 0.10511083,
       0.17257162, 0.15458595, 0.11291522, 0.1482006 , 0.17252485,
       0.15189129, 0.13693755, 0.1531969 , 0.15723897, 0.10107111,
       0.11013563, 0.15548743, 0.11085949, 0.1177227 , 0.11087782])]
rho_st:['[mm/h]', 'fix', ['/', '/'], 0.5, '/']
Kc0:['[-]', 'cal', [0.0, 1.0], 0.816, 0.029, array([0.89076798, 0.91442603, 0.54210046, 0.84902341, 0.54000599,
       0.84582244, 0.83852848, 0.90635461, 0.82327305, 0.86343681,
       0.90540035, 0.82396937, 0.90647339, 0.90632927, 0.82801813,
       0.81949522, 0.89314074, 0.54873938, 0.54600708, 0.89184535,
       0.89276251, 0.81925185, 0.89248215, 0.83802326, 0.87265939,
       0.18149026, 0.84053773, 0.64478507, 0.53151055, 0.90302997,
       0.82719552, 0.89404015, 0.53695028, 0.54768641, 0.16467534,
       0.89812901, 0.90660422, 0.83462559, 0.85005637, 0.89342188,
       0.84382757, 0.53566306, 0.82304106, 0.8038859 , 0.83344832,
       0.89758697, 0.8937123 , 0.1681172 , 0.86670852, 0.90596159,
       0.89567222, 0.89169437, 0.29870427, 0.9198842 , 0.53594707,
       0.89918697, 0.82497867, 0.54836839, 0.79854929, 0.17561764,
       0.88700219, 0.92213466, 0.29917791, 0.83415547, 0.52946592,
       0.8344971 , 0.91212661, 0.90932824, 0.86057722, 0.5440933 ,
       0.86708229, 0.90596629, 0.83321564, 0.88585534, 0.90850646,
       0.16883497, 0.15627879, 0.9059533 , 0.8631778 , 0.87031612,
       0.88908691, 0.91397351, 0.82798554, 0.5431858 , 0.54349447,
       0.54346015, 0.91226293, 0.54730449, 0.89411419, 0.54664432,
       0.83183708, 0.92167546, 0.91276756, 0.89055809, 0.17685303,
       0.89830009, 0.87401291, 0.54150393, 0.91170447, 0.54165127])]
