A:[0.3, 'cal', [0.01, 1.0], 0.318, 0.031, array([0.32104592, 0.32125742, 0.34071293, 0.3971253 , 0.35481532,
       0.34811513, 0.33827794, 0.3192119 , 0.33612329, 0.33312441,
       0.33969819, 0.33365626, 0.45941561, 0.35750671, 0.35149467,
       0.33366949, 0.3352518 , 0.32557904, 0.411279  , 0.32277838,
       0.32084584, 0.36307578, 0.34669673, 0.96538382, 0.39153975,
       0.41029306, 0.31716319, 0.3678749 , 0.42867515, 0.37452026,
       0.34042083, 0.34701164, 0.35453384, 0.33453886, 0.3416129 ,
       0.32420962, 0.37681665, 0.34914104, 0.32884908, 0.33468289,
       0.35804781, 0.33596856, 0.34647304, 0.37606339, 0.33658459,
       0.33770605, 0.3734736 , 0.40492005, 0.31327903, 0.36171655]), array([0.32104592, 0.32125742, 0.34071293, 0.3971253 , 0.35481532,
       0.34811513, 0.33827794, 0.3192119 , 0.33612329, 0.33312441,
       0.33969819, 0.33365626, 0.45941561, 0.35750671, 0.35149467,
       0.33366949, 0.3352518 , 0.32557904, 0.411279  , 0.32277838,
       0.32084584, 0.36307578, 0.34669673, 0.96538382, 0.39153975,
       0.41029306, 0.31716319, 0.3678749 , 0.42867515, 0.37452026,
       0.34042083, 0.34701164, 0.35453384, 0.33453886, 0.3416129 ,
       0.32420962, 0.37681665, 0.34914104, 0.32884908, 0.33468289,
       0.35804781, 0.33596856, 0.34647304, 0.37606339, 0.33658459,
       0.33770605, 0.3734736 , 0.40492005, 0.31327903, 0.36171655])]
B:[1.5, 'cal', [0.1, 3.0], 0.827, 0.206, array([2.25372031, 0.92232746, 0.93163288, 0.68272342, 0.87424671,
       1.03004111, 1.03100125, 1.23995513, 1.02828123, 0.83162841,
       1.11379269, 1.08495411, 0.51675814, 0.84122508, 0.87754017,
       1.125122  , 0.9951543 , 1.17978657, 0.65929713, 1.22117866,
       1.87394087, 0.88387299, 0.99516438, 0.14404939, 0.68785496,
       0.61974582, 1.69582067, 0.90527718, 0.57893137, 0.74986106,
       0.97922243, 0.9814159 , 0.91309213, 1.14652898, 1.10211968,
       1.56717544, 0.81430271, 0.96954741, 0.98067216, 1.37604311,
       0.89228306, 1.25021178, 0.96477676, 0.73169687, 1.11081821,
       1.03693887, 0.78225286, 0.65668251, 2.1216571 , 0.86395257])]
C:[-15, 'cal', [-30.0, -5.0], -19.058, 1.119, array([-25.13651143, -16.40420915, -17.62989558, -19.58426274,
       -17.96097288, -19.24089592, -19.58522788, -20.1561518 ,
       -20.34994503, -18.56813615, -17.2915465 , -19.28753306,
       -19.12810686, -17.92547662, -18.21407461, -21.49706373,
       -18.59582761, -18.277704  , -18.50269039, -20.73127818,
       -22.97494409, -18.11951912, -17.91490672, -16.39319132,
       -17.72601744, -18.70446807, -23.81453756, -14.62520771,
       -17.96179176, -17.28096295, -18.51461914, -18.67179926,
       -19.06615333, -20.49184431, -19.29395463, -21.16006772,
       -19.88670242, -17.70320731, -18.17421702, -19.27894553,
       -17.85729382, -19.91423002, -19.03583945, -17.55555826,
       -18.04107322, -18.00196389, -17.21684098, -18.5089917 ,
       -22.20577696, -19.05727818])]
D:[30, 'cal', [10.0, 100.0], 38.502, 4.153, array([68.22875036, 34.2676725 , 38.03281488, 42.69690427, 39.0950636 ,
       44.00802919, 44.17682093, 47.60376644, 47.12216793, 41.28224856,
       37.63418511, 44.45456583, 40.66052129, 38.64947647, 39.99098844,
       51.16880327, 41.09245578, 40.94950374, 40.14281464, 49.01295808,
       59.83535113, 39.24500495, 40.11920165, 29.28174129, 36.47449372,
       40.04566086, 61.33594446, 30.59089394, 37.41713945, 34.58290399,
       41.35798614, 41.97256487, 42.79051767, 48.48130005, 44.89042715,
       52.75201355, 45.40885212, 38.0713475 , 39.89522371, 46.30235409,
       39.14000063, 47.53247748, 42.12897653, 36.92051604, 40.70819021,
       40.03252861, 36.34130378, 39.68054473, 58.77578421, 42.63595302])]
W_max:[100, 'cal', [1.0, 100.0], 1.775, 0.247, array([3.05991698, 1.1749913 , 1.64650998, 1.98660615, 1.76201009,
       1.9656165 , 1.91553718, 2.17717812, 2.16733719, 1.7915564 ,
       1.58247825, 2.03226515, 1.8591561 , 1.76469674, 1.82417845,
       2.60046958, 1.93084836, 1.8313557 , 2.00474725, 2.26787286,
       2.59602474, 1.61512396, 1.75126845, 1.03353171, 1.69678883,
       1.9208895 , 2.88246732, 1.00807019, 1.66823326, 1.47732961,
       1.94878569, 1.98191686, 1.98667754, 2.10827316, 2.12654987,
       2.20491953, 2.16898986, 1.71452261, 1.69674639, 2.14575714,
       1.76903539, 2.17877407, 2.09370494, 1.66014666, 1.61305029,
       1.76154404, 1.61494709, 1.95186182, 2.42769725, 2.02258531])]
WW_fc:[0.32, 'cal', [0.31, 0.33], 0.31, 0.001, array([0.31008683, 0.31330189, 0.31559769, 0.31316521, 0.31297222,
       0.31017188, 0.31348758, 0.310289  , 0.31033158, 0.31136135,
       0.32174108, 0.31001438, 0.31026173, 0.31366905, 0.3109815 ,
       0.31019149, 0.31374728, 0.31462676, 0.31017297, 0.31001635,
       0.31039135, 0.31549349, 0.31106397, 0.32495065, 0.32015053,
       0.31074155, 0.31001983, 0.31594262, 0.31348742, 0.32907019,
       0.31184318, 0.31183391, 0.31000266, 0.31005813, 0.31048957,
       0.310109  , 0.31015023, 0.31947402, 0.31292388, 0.31002688,
       0.31027424, 0.31000072, 0.3162031 , 0.31399536, 0.31044416,
       0.31359898, 0.31326421, 0.31271579, 0.31008022, 0.31045766])]
WW_w:[0.09, 'cal', [0.08, 0.1], 0.099, 0.0, array([0.09996574, 0.09060672, 0.09971682, 0.09740227, 0.09960625,
       0.0999955 , 0.09993655, 0.09988921, 0.09931858, 0.09935311,
       0.09985753, 0.09991361, 0.09983798, 0.09998612, 0.09999451,
       0.09931776, 0.09964817, 0.09904688, 0.09989618, 0.09984549,
       0.0999999 , 0.09997973, 0.09995791, 0.09892474, 0.09997335,
       0.09996525, 0.09993664, 0.09256127, 0.09975649, 0.09999965,
       0.09923142, 0.09992638, 0.09983304, 0.09997642, 0.09987489,
       0.09954677, 0.09937425, 0.09987229, 0.09999072, 0.09996541,
       0.0962949 , 0.0996974 , 0.09971783, 0.0998966 , 0.09962889,
       0.0989524 , 0.0915159 , 0.09994087, 0.09944832, 0.09997011])]
rho_st:[0.02, 'cal', [0.02, 0.02], 0.016, 0.001, array([0.01573627, 0.01638238, 0.01660434, 0.01584044, 0.01629881,
       0.01630053, 0.01712484, 0.0171941 , 0.01599139, 0.01557139,
       0.01775673, 0.01685242, 0.01664456, 0.01566986, 0.01642688,
       0.01663563, 0.01658025, 0.01588044, 0.01685509, 0.01673977,
       0.01620239, 0.01506232, 0.01578575, 0.01602858, 0.01708202,
       0.01583942, 0.01739475, 0.01730996, 0.01635224, 0.01686338,
       0.01740314, 0.01659428, 0.01717594, 0.01657067, 0.01568993,
       0.01556272, 0.01695651, 0.01719368, 0.01676656, 0.01706518,
       0.01652958, 0.01505679, 0.0165572 , 0.01553232, 0.01594873,
       0.01683902, 0.01662423, 0.01680928, 0.01579761, 0.01531379])]
Kc0:[0.04, 'cal', [0.04, 0.05], 0.045, 0.001, array([0.03750019, 0.04469072, 0.04577953, 0.03912168, 0.04582075,
       0.04181335, 0.04025504, 0.04404851, 0.0396982 , 0.04209014,
       0.04567877, 0.04226215, 0.03871068, 0.04582565, 0.04571145,
       0.04040181, 0.04474021, 0.04545939, 0.04574435, 0.04050707,
       0.03760581, 0.04054489, 0.04576959, 0.03865089, 0.04528843,
       0.04370089, 0.0375323 , 0.0457364 , 0.04214463, 0.04407477,
       0.04502009, 0.04540829, 0.04350763, 0.03853216, 0.04482187,
       0.03779729, 0.04197682, 0.04550816, 0.04256429, 0.04435862,
       0.04565098, 0.04190547, 0.04446807, 0.04570067, 0.04333446,
       0.04565307, 0.04582655, 0.04477409, 0.03810198, 0.0427101 ])]
