A:[0.3, 'cal', [0.01, 1.0], 0.172, 0.024, array([0.15117312, 0.19097417, 0.18015321, 0.19166385, 0.19042459,
       0.19502226, 0.18738173, 0.19406364, 0.22921508, 0.16314184,
       0.16607613, 0.22517352, 0.19143255, 0.33824393, 0.17836331,
       0.28239925, 0.17569654, 0.46163468, 0.19815757, 0.27868277])]
B:[1.5, 'cal', [0.1, 3.0], 1.474, 0.746, array([1.41307825, 1.15424088, 1.56584023, 1.25504531, 1.58775647,
       2.27158557, 1.56287376, 1.06014581, 0.36429002, 2.1788537 ,
       1.72972757, 2.13792392, 2.071615  , 0.27162634, 1.59173043,
       0.31907961, 2.00012858, 0.16126783, 0.79683272, 1.19342809])]
C:[-15, 'cal', [-30.0, -5.0], -16.866, 2.516, array([-21.02859759, -27.98754791, -14.9100474 , -17.24732463,
       -15.36390052, -21.3212617 , -16.38818819, -18.62149861,
       -16.41368148, -20.86579576, -19.656347  , -15.33653562,
       -21.35398199, -25.58170399, -18.96893857, -17.08319046,
       -14.87541596, -15.88926657, -17.80563903, -14.84844998])]
D:[30, 'cal', [10.0, 100.0], 24.228, 8.456, array([32.15262435, 49.92803976, 25.08430003, 32.4653415 , 21.41838889,
       49.1568887 , 32.20256949, 35.91692636, 20.83197441, 36.61334644,
       37.27281329, 24.09029207, 48.01583331, 42.58321249, 34.49698485,
       23.61819855, 27.04485766, 21.95969022, 28.16895893, 21.24052466])]
W_max:[100, 'cal', [1.0, 100.0], 4.566, 2.111, array([10.30899413, 16.84489276,  7.0379532 ,  4.31528712,  6.07625977,
       12.23053589,  7.20277252,  5.64751384,  3.38735763,  8.14103357,
        6.84685706,  6.87351294, 16.04731699, 33.89786123,  7.45889127,
        4.96138309,  6.28439796,  5.52327017,  5.21815879,  2.82211981])]
WW_fc:[0.32, 'cal', [0.3, 0.5], 0.341, 0.046, array([0.39719153, 0.38020285, 0.33210424, 0.30383862, 0.39865964,
       0.33852783, 0.31779748, 0.31585162, 0.36988709, 0.4117922 ,
       0.34559728, 0.46453543, 0.30918525, 0.3461617 , 0.3763317 ,
       0.39216152, 0.3610667 , 0.30227077, 0.37387863, 0.37923296])]
WW_w:[0.09, 'cal', [0.1, 0.2], 0.152, 0.008, array([0.14155422, 0.13856827, 0.15938812, 0.17239235, 0.15650987,
       0.15087395, 0.13674756, 0.15352244, 0.15955982, 0.19731354,
       0.11279953, 0.14944008, 0.11368752, 0.13304553, 0.16010855,
       0.19800971, 0.16200479, 0.18589711, 0.16200352, 0.15058461])]
rho_st:[0.4, 'cal', [0.38, 0.62], 0.46, 0.1, array([0.40084066, 0.4429261 , 0.59057307, 0.47026628, 0.58768467,
       0.38252569, 0.50041557, 0.42736892, 0.55735324, 0.38169455,
       0.48038673, 0.55486048, 0.40028537, 0.55008779, 0.4359653 ,
       0.41501545, 0.59177784, 0.53370346, 0.44447402, 0.5307471 ])]
Kc0:[0.5, 'cal', [0.1, 1.5], 0.536, 0.221, array([0.52073101, 0.28569303, 0.84968916, 0.81510421, 0.63189191,
       0.55003328, 0.78419616, 0.40353239, 0.7789336 , 0.53763702,
       0.37556677, 0.87015865, 0.50174504, 0.50889746, 0.69866733,
       0.72194426, 0.99620849, 0.41194457, 0.55142818, 0.43964847])]
