A:[0.3, 'cal', [0.0, 1.0], 0.319, 0.019, array([0.36461689, 0.36385124, 0.4620183 , 0.33263627, 0.3423801 ,
       0.32130678, 0.31047323, 0.32926354, 0.36121931, 0.33086317,
       0.33036522, 0.35282583, 0.33910207, 0.33608029, 0.32214454,
       0.35672916, 0.29997843, 0.30996225, 0.34233236, 0.32452473,
       0.32833759, 0.37275597, 0.31722605, 0.32383834, 0.3537012 ,
       0.3120171 , 0.31383185, 0.53446179, 0.44225339, 0.34639622,
       0.33676194, 0.34864504, 0.34513118, 0.32357664, 0.32104748,
       0.32399171, 0.3465375 , 0.31232107, 0.46798986, 0.31990986,
       0.30897221, 0.31827959, 0.36551936, 0.33814398, 0.36770531,
       0.33667542, 0.36949107, 0.31808609, 0.31719996, 0.31676534,
       0.32479992, 0.41122003, 0.38809847, 0.33827187, 0.33980689,
       0.32254537, 0.28293608, 0.34678965, 0.36007514, 0.34641207,
       0.33534306, 0.32515592, 0.32972779, 0.315575  , 0.36540077,
       0.34405701, 0.3253347 , 0.33374369, 0.5251692 , 0.49328868,
       0.36434501, 0.36038372, 0.42645959, 0.3354925 , 0.4540414 ,
       0.31760373, 0.4560051 , 0.3423944 , 0.29808812, 0.33137995,
       0.33176833, 0.33873164, 0.3397128 , 0.31676348, 0.33894918,
       0.33278114, 0.35614337, 0.34730294, 0.41519108, 0.34954001,
       0.41174209, 0.31104328, 0.32954248, 0.33959183, 0.43102021,
       0.31526163, 0.32780135, 0.34665235, 0.32547161, 0.30708439])]
B:[1.5, 'cal', [0.0, 3.0], 0.721, 0.21, array([0.6429339 , 0.60084184, 0.33211391, 0.83878629, 0.72925938,
       1.10866955, 1.92288761, 1.10993895, 0.70373423, 0.92868808,
       0.78362232, 0.72567632, 0.82818827, 0.86051383, 1.0426937 ,
       0.65875338, 1.11727496, 1.99208346, 0.72086074, 0.86506006,
       0.77438471, 0.5789434 , 1.59145123, 0.8865525 , 1.82526736,
       1.60581039, 1.32768761, 0.27594838, 0.37309479, 0.82059732,
       0.97170492, 0.73906733, 0.78867163, 0.98001183, 0.88070257,
       0.87857192, 0.67787525, 1.1743666 , 0.38153623, 0.96178374,
       0.94934099, 1.09994094, 0.57958553, 0.81060579, 0.67058395,
       0.87178509, 0.61236143, 0.92272745, 0.78144079, 1.01129358,
       0.89360753, 0.48144828, 0.51859646, 0.94512071, 0.71905703,
       0.99604612, 1.13693171, 0.75849465, 0.62837597, 0.94638149,
       0.80535589, 1.38446591, 0.90275877, 1.490219  , 0.62353895,
       0.91821286, 1.6222499 , 0.79419034, 0.29862484, 0.42759879,
       0.67862174, 0.60912012, 0.43172323, 0.83056883, 0.3795787 ,
       0.93891344, 0.37475713, 0.77306507, 0.98325382, 0.9039281 ,
       0.76173411, 1.07390407, 0.85705537, 1.17273146, 0.77977425,
       0.83387199, 0.60170989, 0.75669363, 0.4014164 , 0.71390475,
       0.46055861, 1.12292462, 0.91591483, 0.82247028, 0.39431805,
       0.95047534, 0.80648982, 0.73511826, 1.22732874, 1.76095685])]
C:[-15, 'cal', [-30.0, -5.0], -15.456, 0.769, array([-14.7038546 , -14.76522139, -15.14758873, -16.11904043,
       -15.37618781, -15.53042968, -16.74961922, -14.34142518,
       -14.15349615, -13.54361874, -15.34928513, -14.65205642,
       -14.34974651, -14.51617447, -18.11589946, -14.31929344,
       -17.34184914, -23.71177042, -14.79515558, -15.67217   ,
       -15.59668774, -15.24682377, -13.75397031, -14.6354229 ,
       -14.95779468, -15.46842548, -13.70166485, -15.60928509,
       -15.02983587, -14.8579174 , -14.92139201, -14.99632984,
       -13.7834696 , -16.70409925, -14.09718815, -15.47301885,
       -14.62707859, -15.67592714, -15.42355629, -15.4588041 ,
       -16.01097804, -14.06078048, -15.5530308 , -15.08386006,
       -13.97868285, -16.386273  , -14.10599881, -15.7960268 ,
       -15.54881503, -15.43009406, -14.67984269, -15.05738705,
       -14.51852605, -14.90458796, -14.95920784, -14.83393834,
       -14.28521933, -14.63830772, -15.01727127, -13.61878212,
       -14.14216373, -22.17540256, -14.83122219, -15.94292635,
       -15.69932898, -15.11710654, -13.8685826 , -15.59263683,
       -14.53757281, -18.64043306, -13.93123432, -15.62969062,
       -14.27604022, -15.29962709, -16.10275155, -16.47688502,
       -14.69847692, -14.48767975, -15.72630095, -14.88409649,
       -14.29324266, -14.75492435, -15.46450401, -17.40023043,
       -14.89824786, -15.1687973 , -15.51136317, -15.37197086,
       -15.0962149 , -15.64677732, -14.96238635, -15.17978072,
       -15.19559893, -14.63218057, -14.11001661, -15.17502356,
       -15.44979804, -13.93807841, -19.83044154, -21.91626597])]
D:[30, 'cal', [10.0, 100.0], 29.541, 3.722, array([33.52612648, 28.29209084, 27.66030603, 38.22850466, 31.59085571,
       38.30132531, 39.0761166 , 34.26291861, 28.65405837, 27.30657898,
       30.5725088 , 30.62638911, 31.15506358, 33.33034545, 41.04962107,
       30.2960916 , 42.15434306, 66.66098927, 31.43219513, 35.6415098 ,
       31.34378421, 33.36745951, 31.01451705, 33.00480246, 41.02299942,
       34.47293303, 32.2221239 , 29.81993269, 31.08128967, 31.87425187,
       31.77129093, 30.17802159, 28.03003862, 34.24282386, 27.41298272,
       34.76377065, 30.58839455, 35.95821417, 28.56933882, 32.92271587,
       36.61143313, 27.48782902, 29.43336652, 32.79263169, 29.80054388,
       37.86104068, 28.78450593, 36.36083033, 30.81679784, 34.91807983,
       29.76475519, 29.15528638, 30.48361396, 32.46157762, 30.12497466,
       34.73980292, 29.20974462, 30.95767583, 32.85431851, 30.97200152,
       27.38374688, 58.59223823, 31.49622754, 36.86192133, 30.9608438 ,
       34.47748273, 35.89144863, 34.21023   , 25.79875233, 40.4170394 ,
       27.91315262, 32.48253294, 26.87666719, 32.01977236, 30.39455836,
       39.15258802, 27.75713158, 31.93778638, 34.33006831, 31.03799063,
       28.09241568, 30.99961533, 32.09424332, 43.72927098, 32.57381356,
       32.34265019, 33.7416822 , 30.69921093, 31.06378541, 35.89567188,
       29.1081698 , 34.71963708, 32.35806609, 29.10218318, 27.59093316,
       35.43636128, 33.92226553, 27.20182203, 50.60783815, 59.45350597])]
W_max:[100, 'cal', [0.5, 1.0], 0.5, 0.017, array([0.84491666, 0.50183999, 0.61201373, 0.82432931, 0.51697202,
       0.61780882, 0.53949423, 0.50819108, 0.50005528, 0.50004339,
       0.50151641, 0.73749572, 0.50312419, 0.72704922, 0.5030671 ,
       0.5037364 , 0.52555867, 0.57875562, 0.51169877, 0.52527658,
       0.51849845, 0.52620582, 0.50347495, 0.50955911, 0.52772352,
       0.50192443, 0.53181489, 0.5143703 , 0.50317553, 0.52837594,
       0.50877253, 0.50728065, 0.5466113 , 0.53246045, 0.50396063,
       0.7521794 , 0.50000959, 0.61036377, 0.50206868, 0.54068577,
       0.57814563, 0.50533012, 0.54383171, 0.50005343, 0.50090744,
       0.50021803, 0.50312734, 0.50679683, 0.50956066, 0.56789064,
       0.50073074, 0.51264106, 0.50316312, 0.58644102, 0.53369111,
       0.51315199, 0.5099796 , 0.5037132 , 0.50845785, 0.53448537,
       0.52044281, 0.84240187, 0.5083424 , 0.54614433, 0.70442508,
       0.52562121, 0.51020425, 0.57188189, 0.50012111, 0.50052988,
       0.51164075, 0.66568997, 0.60318367, 0.51949703, 0.50332048,
       0.65509247, 0.53068539, 0.56447421, 0.55315364, 0.50827838,
       0.50058288, 0.51197153, 0.50065914, 0.72207677, 0.52878257,
       0.50333371, 0.50429872, 0.65170269, 0.50053484, 0.56763269,
       0.51747596, 0.50041291, 0.66316858, 0.50138262, 0.51926962,
       0.70186722, 0.52397845, 0.50005934, 0.51128813, 0.5235317 ])]
WW_fc:[0.32, 'cal', [0.29, 0.35], 0.313, 0.021, array([0.30137445, 0.33234863, 0.34305552, 0.29156177, 0.32766811,
       0.29739338, 0.32812425, 0.30275063, 0.31648959, 0.32545912,
       0.33792705, 0.32093237, 0.31548031, 0.29740913, 0.30871298,
       0.30674497, 0.29190157, 0.29103136, 0.30786199, 0.30397323,
       0.335351  , 0.29629814, 0.32939404, 0.30131473, 0.29078599,
       0.33741387, 0.31220812, 0.32866386, 0.29591859, 0.31567271,
       0.32955728, 0.33080559, 0.33629249, 0.33671484, 0.34562137,
       0.31548781, 0.31248581, 0.3145169 , 0.33994845, 0.32547813,
       0.2994311 , 0.34374343, 0.3314921 , 0.31154127, 0.29442184,
       0.29691636, 0.31509269, 0.30222221, 0.33903519, 0.3091274 ,
       0.33110395, 0.33098652, 0.29750361, 0.32682236, 0.33289245,
       0.29598738, 0.34109578, 0.30698255, 0.29921764, 0.30715389,
       0.33495006, 0.29000104, 0.32452065, 0.32394573, 0.32905052,
       0.30318119, 0.2992945 , 0.31415487, 0.33459585, 0.30012905,
       0.31460957, 0.31795679, 0.33124893, 0.32508087, 0.32203595,
       0.29866017, 0.32007227, 0.29857511, 0.32351626, 0.3290478 ,
       0.33989393, 0.33839233, 0.32887033, 0.29055383, 0.30469553,
       0.31678971, 0.30007654, 0.34320556, 0.30616317, 0.29165488,
       0.32386621, 0.31546979, 0.3245587 , 0.33285476, 0.31384898,
       0.3032305 , 0.30751937, 0.33331121, 0.29248978, 0.29019123])]
WW_w:[0.09, 'cal', [0.06, 0.12], 0.097, 0.016, array([0.09785562, 0.09633316, 0.1101403 , 0.1029273 , 0.1122842 ,
       0.1146093 , 0.10318163, 0.0907474 , 0.06551155, 0.06808234,
       0.10759254, 0.09100676, 0.09132422, 0.08763521, 0.07874999,
       0.08856249, 0.09196918, 0.11826842, 0.08916395, 0.11461943,
       0.11861486, 0.09535407, 0.08303968, 0.09215398, 0.09655452,
       0.09545278, 0.08350343, 0.11926202, 0.09393322, 0.09755273,
       0.10140633, 0.09923079, 0.09076198, 0.11999212, 0.08482891,
       0.1083702 , 0.09216971, 0.10895789, 0.11573914, 0.10786865,
       0.09603134, 0.08802787, 0.11877231, 0.09953781, 0.06227384,
       0.10377668, 0.07023111, 0.10659883, 0.11654809, 0.10323172,
       0.08803834, 0.104703  , 0.08155803, 0.10230242, 0.10510946,
       0.09367918, 0.09125246, 0.07203489, 0.09724024, 0.08024528,
       0.07585216, 0.11265253, 0.10657637, 0.10683845, 0.10844878,
       0.08636425, 0.08347747, 0.11672091, 0.07931327, 0.09480246,
       0.06467069, 0.11079496, 0.07523564, 0.1036833 , 0.08267827,
       0.11980138, 0.08113561, 0.07644687, 0.11657192, 0.09775017,
       0.08423713, 0.10643619, 0.11368026, 0.11037018, 0.09039466,
       0.09713892, 0.09787637, 0.1193089 , 0.09614366, 0.09889587,
       0.0986725 , 0.10263355, 0.08887046, 0.07780296, 0.07963869,
       0.10535963, 0.1051242 , 0.08539247, 0.11434192, 0.08224664])]
rho_st:[0.4, 'cal', [0.3, 0.5], 0.305, 0.02, array([0.34688668, 0.3435621 , 0.31017541, 0.30304702, 0.332914  ,
       0.31202436, 0.31647634, 0.3242454 , 0.35657005, 0.46090475,
       0.30282854, 0.33948656, 0.35866287, 0.36919192, 0.31726118,
       0.41418433, 0.30425043, 0.35830091, 0.33605082, 0.31681273,
       0.31632457, 0.32350783, 0.38025655, 0.34105327, 0.32656829,
       0.30339723, 0.35325471, 0.30922694, 0.34510773, 0.32167142,
       0.3059684 , 0.31796496, 0.37272418, 0.3478338 , 0.3195787 ,
       0.30167602, 0.36144534, 0.30301463, 0.31783457, 0.3031218 ,
       0.31176892, 0.44427449, 0.41164411, 0.32345899, 0.38530922,
       0.30771366, 0.33839106, 0.30450355, 0.35257258, 0.30764786,
       0.3279366 , 0.30338037, 0.36796581, 0.30082545, 0.32016396,
       0.33878219, 0.35158571, 0.32169373, 0.34413199, 0.3832179 ,
       0.35381776, 0.398602  , 0.34692948, 0.30220273, 0.30290248,
       0.30492122, 0.33662361, 0.3035658 , 0.32729549, 0.30098437,
       0.35544037, 0.31324519, 0.30198725, 0.30293158, 0.32581433,
       0.30682665, 0.34659357, 0.34042458, 0.30111362, 0.30865878,
       0.30643462, 0.32476669, 0.30790597, 0.30877985, 0.3233381 ,
       0.3344301 , 0.30482014, 0.31452558, 0.32007548, 0.30973761,
       0.30700126, 0.31200628, 0.30024168, 0.32054328, 0.4160465 ,
       0.31960476, 0.32621982, 0.44488602, 0.30044162, 0.41114226])]
Kc0:[0.5, 'cal', [0.0, 1.0], 0.245, 0.03, array([0.57051651, 0.25972456, 0.29772682, 0.31920098, 0.25713215,
       0.28744075, 0.14109048, 0.25061184, 0.26741827, 0.24312452,
       0.25416669, 0.3493772 , 0.31864253, 0.40153019, 0.11220074,
       0.31410879, 0.1390948 , 0.0848377 , 0.26213559, 0.2486209 ,
       0.24824277, 0.26116294, 0.2649148 , 0.26520738, 0.20947385,
       0.16446672, 0.26619649, 0.28772287, 0.27945016, 0.25825749,
       0.23803946, 0.24516589, 0.40287109, 0.15784049, 0.28844689,
       0.34955566, 0.26991591, 0.26050647, 0.25342845, 0.24770466,
       0.20913059, 0.22148567, 0.19317779, 0.24277969, 0.28142757,
       0.16903508, 0.26563885, 0.23936398, 0.25793645, 0.26494479,
       0.24907866, 0.28573094, 0.29028093, 0.31255485, 0.30717336,
       0.26628616, 0.26233392, 0.24937095, 0.28093181, 0.305955  ,
       0.27352672, 0.10724085, 0.2634616 , 0.17582779, 0.2975393 ,
       0.2476867 , 0.26236159, 0.2628381 , 0.25105094, 0.10307708,
       0.25528096, 0.30523036, 0.32044829, 0.24854913, 0.17582484,
       0.28877598, 0.27575554, 0.28902493, 0.29251448, 0.23956343,
       0.29606857, 0.2502977 , 0.23398822, 0.18971766, 0.26120198,
       0.23912239, 0.23900238, 0.3018635 , 0.29656242, 0.25061831,
       0.29098853, 0.2399009 , 0.29110164, 0.24437842, 0.34796468,
       0.3253664 , 0.26075399, 0.29435972, 0.09816705, 0.08727598])]
