A:[0.3, 'cal', [0.01, 1.0], 0.334, 0.024, array([0.35092464, 0.34138806, 0.3852614 , 0.3399132 , 0.75946065,
       0.34466081, 0.3381402 , 0.34502353, 0.34323112, 0.34867154,
       0.46622281, 0.33573286, 0.34739495, 0.32888244, 0.39381263,
       0.33111492, 0.34114089, 0.35152902, 0.43322302, 0.34949113,
       0.34660112, 0.3467839 , 0.33896446, 0.3436447 , 0.51284921,
       0.4517347 , 0.36557549, 0.35803798, 0.35349857, 0.34100607,
       0.33110372, 0.34676285, 0.35950382, 0.35128521, 0.34841509,
       0.32642803, 0.35025486, 0.35033536, 0.34752573, 0.34125488,
       0.34655407, 0.3715893 , 0.34565332, 0.33995835, 0.34006434,
       0.34386909, 0.34160069, 0.3369332 , 0.34663771, 0.34065066,
       0.35744099, 0.34651774, 0.37247086, 0.34330829, 0.34459143,
       0.35609183, 0.33511817, 0.3448356 , 0.36199861, 0.37700804,
       0.34965553, 0.3363139 , 0.36421503, 0.34666309, 0.34650762,
       0.34633877, 0.36274069, 0.34926375, 0.34121739, 0.35031031,
       0.33940053, 0.34441768, 0.34997829, 0.34812   , 0.34668347,
       0.35370762, 0.58525341, 0.51529716, 0.37780528, 0.34526487,
       0.33856342, 0.34918881, 0.35232105, 0.3408345 , 0.34745075,
       0.3523454 , 0.35349515, 0.29740091, 0.35162314, 0.33904419,
       0.31352573, 0.33232737, 0.35764757, 0.36018928, 0.36569707,
       0.34378336, 0.38336986, 0.35813174, 0.34607415, 0.34989404,
       0.35368833, 0.3377437 , 0.35302117, 0.34587569, 0.36766034,
       0.34406747, 0.33226237, 0.37008837, 0.36084378, 0.35373736,
       0.34451081, 0.49098659, 0.35545012, 0.32917986, 0.34592665,
       0.35429445, 0.3494123 , 0.35552283, 0.32926349, 0.37575159,
       0.34821094, 0.35946845, 0.36506854, 0.342255  , 0.3512687 ,
       0.33110293, 0.34432184, 0.34560478, 0.34198371, 0.43448974,
       0.36529484, 0.34346316, 0.35157377, 0.35559399, 0.34341527,
       0.34564491, 0.36116762, 0.35802545, 0.34443183, 0.32723132,
       0.32959977, 0.32585851, 0.4292708 , 0.35930848, 0.3527853 ,
       0.3472925 , 0.34609712, 0.34810865, 0.3554055 , 0.36911585,
       0.35685023, 0.33102956, 0.40606293, 0.36018319, 0.35106378,
       0.40465036, 0.35958033, 0.41190371, 0.35562366, 0.35267928,
       0.34986533, 0.36921867, 0.33830264, 0.32441825, 0.35541959,
       0.36837165, 0.40701803, 0.33715468, 0.34459929, 0.39167129,
       0.35337037, 0.36998926, 0.36273104, 0.32893257, 0.346947  ,
       0.38962729, 0.35471952, 0.3580169 , 0.38414671, 0.37363629,
       0.45553784, 0.40924036, 0.34729971, 0.53366451, 0.35194049,
       0.33875351, 0.36215175, 0.46425104, 0.36861523, 0.3440342 ,
       0.35661485, 0.3485217 , 0.3461482 , 0.34389389, 0.35559189,
       0.36412403, 0.35010698, 0.34244433, 0.34506825, 0.3507454 ])]
B:[1.5, 'cal', [0.1, 3.0], 0.606, 0.115, array([0.63695732, 0.70359798, 0.50050583, 0.73414167, 0.14782923,
       0.68261459, 0.69572941, 0.69426431, 0.68770286, 0.70546564,
       0.32028195, 0.72893182, 0.66162403, 0.75262776, 0.4625131 ,
       0.74340162, 0.72543692, 0.63677899, 0.37308773, 0.65477809,
       0.68275638, 0.69561834, 0.70700279, 0.7326794 , 0.27734984,
       0.35530559, 0.57579042, 0.61945991, 0.64359158, 0.71302818,
       0.82372557, 0.66975788, 0.60851791, 0.66433497, 0.65495022,
       0.85578639, 0.65469228, 0.66313575, 0.66277105, 0.71066459,
       0.67260643, 0.54591769, 0.70722292, 0.73738803, 0.72046624,
       0.71722911, 0.77158541, 0.76964401, 0.66500922, 0.73482748,
       0.62971694, 0.66595999, 0.53740149, 0.69495248, 0.72298306,
       0.61124045, 0.77464729, 0.70701217, 0.60575627, 0.52856437,
       0.65773583, 0.72926081, 0.58132398, 0.73191297, 0.69948442,
       0.69184694, 0.59570501, 0.65389204, 0.70879915, 0.63585574,
       0.80369157, 0.71711834, 0.66521823, 0.67603683, 0.68275503,
       0.65305815, 0.22399006, 0.26236179, 0.57881145, 0.67755718,
       0.85402755, 0.7536072 , 0.65310391, 0.87902779, 0.67676264,
       0.64736343, 0.62813887, 1.88203251, 0.65624586, 0.69046643,
       1.1115542 , 0.87488588, 0.795176  , 0.66774024, 0.56564404,
       0.8152272 , 0.52929533, 0.75526282, 0.77294869, 0.64949952,
       0.74233987, 0.77129924, 0.75105496, 0.68153348, 0.64498164,
       0.83399864, 0.89510614, 0.55612043, 0.59629416, 0.63438977,
       0.68953575, 0.31816321, 0.7272619 , 0.78476636, 0.68465241,
       0.72755559, 0.66276155, 0.68129525, 0.73565758, 0.62877397,
       0.67446551, 0.71256058, 0.57375886, 0.69986915, 0.68603718,
       0.96618634, 0.68577591, 0.68645597, 0.81681068, 0.36678519,
       0.67644189, 0.7332875 , 0.65145572, 0.75390925, 0.71373992,
       0.8205528 , 0.73379732, 0.7995184 , 0.79751133, 0.98373018,
       0.9319536 , 0.96717452, 0.4448408 , 0.60570811, 0.63576492,
       0.66060114, 0.6890804 , 0.69745145, 0.62200908, 0.62732151,
       0.70943983, 0.97625546, 0.51564824, 0.61442185, 0.65117421,
       0.51625684, 0.66743018, 0.46315437, 0.6716802 , 0.63449908,
       0.76306512, 0.55368596, 1.2906083 , 0.77625758, 0.7353937 ,
       0.65959582, 0.43496057, 0.92985759, 0.81884801, 0.49106257,
       0.63383463, 0.67101962, 0.6840859 , 0.73733873, 0.66485168,
       0.47644744, 0.61903401, 0.6225451 , 0.55427879, 0.54091681,
       0.32802234, 0.42134338, 0.69862312, 0.31337715, 0.78304647,
       0.73338589, 0.58423899, 0.38625965, 0.69684801, 0.71554886,
       0.79611909, 0.66181222, 0.70938287, 0.70313817, 0.63546489,
       0.61469027, 0.76169407, 0.73767397, 0.81108578, 0.74035649])]
C:[-15, 'cal', [-30.0, -5.0], -14.468, 0.489, array([-13.89654225, -14.14636397, -14.38109513, -14.057312  ,
       -13.94318924, -13.74325517, -13.78564742, -13.84140025,
       -13.77126776, -13.57071229, -14.21762417, -14.09351043,
       -13.85129954, -14.43236574, -14.1170157 , -14.33195515,
       -13.94855757, -14.21474762, -14.05559799, -14.08358184,
       -14.27172273, -14.37512253, -14.24696772, -14.00942049,
       -14.00723345, -14.18442603, -13.98517377, -14.2007237 ,
       -13.99352135, -13.995896  , -14.38264971, -13.52726574,
       -13.24920499, -13.87519157, -14.26370701, -14.56819978,
       -14.07846874, -14.34167781, -14.34643547, -14.15685651,
       -14.13549188, -13.79325822, -14.26125586, -14.56644448,
       -14.47753742, -14.30912397, -14.21547796, -14.1800472 ,
       -13.77136996, -14.62342873, -14.02284867, -14.24373357,
       -13.84530408, -14.15478048, -14.4073861 , -13.67803187,
       -14.49499613, -14.03658026, -14.49475246, -14.37341313,
       -13.79636156, -13.92735457, -14.5088152 , -14.12977261,
       -14.53494574, -13.77551213, -13.99251467, -14.92488558,
       -13.56712302, -14.58941248, -12.70024144, -13.97887686,
       -14.03710562, -14.06925082, -14.13708275, -15.21158071,
       -14.28803023, -13.58570031, -13.06766078, -13.49778464,
       -14.56149323, -15.53538755, -14.57352523, -14.44775292,
       -14.19435522, -13.78694738, -15.02598214, -19.55407435,
       -13.76534951, -14.58582406, -17.07236063, -14.10909549,
       -14.68105601, -14.09339828, -14.46195662, -14.02331199,
       -14.38473436, -13.17285988, -14.16043393, -14.20328531,
       -13.22850747, -13.98685997, -14.19311621, -14.69691018,
       -14.76394762, -15.11214032, -14.24342638, -14.34839971,
       -13.19556897, -13.68426475, -14.77095524, -14.63534762,
       -15.34600893, -14.72880887, -13.4210805 , -13.90260527,
       -14.27875842, -14.06329245, -14.20558891, -13.89467983,
       -13.72316252, -13.81977909, -13.3680755 , -14.48122016,
       -15.01706415, -13.59748991, -14.44761129, -13.7660319 ,
       -14.42597981, -14.27028913, -13.96376188, -13.56669573,
       -14.97664071, -13.87691529, -14.53669007, -13.27627271,
       -13.57070991, -14.04089517, -15.88770639, -13.79523363,
       -14.32478327, -14.10776115, -14.62799018, -13.94417408,
       -14.52506809, -13.67422862, -13.94770686, -13.66629133,
       -14.24181851, -14.82775356, -15.39463073, -16.58415825,
       -14.51218744, -13.96104597, -13.39363388, -13.38494392,
       -14.41001375, -14.65606868, -14.93901188, -14.83863358,
       -13.80773216, -14.2782251 , -12.39292965, -15.602197  ,
       -13.91387458, -14.94125785, -14.29495205, -13.98908815,
       -13.66120394, -13.95551915, -14.17748947, -13.55818546,
       -13.76922309, -13.77665136, -14.92715978, -13.76105302,
       -13.88881222, -14.82458656, -13.92889142, -13.76562982,
       -13.48861276, -13.73886257, -13.71751012, -13.57199529,
       -14.56406883, -14.076991  , -15.0741908 , -14.37550771,
       -13.84330727, -15.60677816, -14.43164769, -13.46513728,
       -13.22069197, -14.39697148, -14.23390007, -14.38552819,
       -14.0464407 , -14.05378311, -14.88754152, -13.84444091])]
D:[30, 'cal', [10.0, 100.0], 26.264, 2.735, array([27.03115552, 28.7517438 , 28.69952921, 29.28130083, 24.35386995,
       27.98440023, 27.68332961, 27.13955083, 27.15040564, 26.846958  ,
       27.22208062, 29.40063461, 27.30672206, 29.96484981, 27.75754219,
       28.98545271, 28.67852979, 29.07369994, 26.90448449, 27.71086644,
       28.05026329, 28.45534121, 29.09880468, 27.7278208 , 25.12772626,
       26.02135013, 26.2243203 , 28.40179333, 27.04787183, 27.3389    ,
       30.35009645, 26.99622809, 24.49410514, 26.47686369, 28.61152634,
       30.65732706, 27.43163506, 28.58271644, 28.90276879, 28.20819176,
       28.58209953, 26.25177251, 29.16979958, 30.59310839, 29.46365558,
       29.08103262, 28.86762374, 28.0632885 , 27.56440435, 30.60471907,
       27.88945861, 29.08325027, 26.00663608, 28.85369052, 28.79475063,
       25.78776805, 30.34652889, 28.33708341, 28.73968608, 27.61731509,
       26.70726109, 30.03982744, 28.68239651, 27.30750758, 31.70973185,
       26.05425679, 28.72607231, 28.37937151, 25.92686507, 31.19996216,
       24.54150525, 27.66345251, 26.80221898, 27.07715191, 29.70359055,
       32.91805908, 26.87422046, 24.84403023, 22.61214535, 26.90874571,
       30.62165527, 33.69494562, 30.38922813, 31.86943595, 31.04357877,
       28.46858485, 32.96285437, 51.92773782, 26.99834164, 29.56281575,
       40.96918013, 30.12096774, 30.89087602, 27.02576734, 30.98226297,
       27.38396445, 30.60671533, 24.2420032 , 29.0524599 , 29.35535663,
       26.75368267, 25.89048605, 28.29051365, 30.47571133, 30.5135258 ,
       32.5807577 , 27.48166934, 27.49217135, 23.98801324, 24.52555178,
       30.34684342, 25.39419496, 33.70592336, 28.183871  , 24.54444866,
       25.53699097, 30.91878219, 26.82780769, 31.71006741, 27.64916213,
       24.92590245, 24.43892097, 23.70304323, 28.77677269, 31.72091807,
       25.68296349, 30.79230156, 27.04808744, 28.9321955 , 28.45025293,
       25.55252996, 27.5727788 , 32.4308401 , 27.82345926, 32.36683764,
       26.19023958, 25.26741868, 31.9599497 , 33.19155219, 28.56729814,
       28.78301047, 26.83788023, 26.35555928, 26.9307655 , 30.4521061 ,
       25.28194005, 25.91327708, 25.91418562, 30.93128824, 29.47462944,
       32.27232778, 38.64346859, 28.5361185 , 27.89204936, 26.02309553,
       21.63827163, 28.35961197, 28.02979357, 31.95336257, 31.90796888,
       27.49419229, 27.20776385, 26.22736055, 36.36011002, 26.63255446,
       30.73965781, 27.45429268, 27.01101182, 27.41630286, 24.51477357,
       28.96893106, 25.97700805, 25.41863577, 26.71748273, 30.70357343,
       27.44277959, 27.21074387, 30.72320172, 26.7207078 , 27.67899453,
       26.00433253, 26.86369709, 26.19037456, 21.49829387, 27.49002009,
       30.80238617, 34.09325483, 26.61390138, 24.38290993, 36.15478973,
       27.77362202, 23.98067947, 24.46390666, 29.54833306, 26.35948841,
       29.43252793, 26.38942422, 25.58121425, 31.31810149, 24.52034349])]
W_max:[100, 'cal', [1.0, 30.0], 11.686, 1.275, array([12.59139163, 13.10368277, 13.5041382 , 12.70982982, 11.37776539,
       13.38603225, 12.56711734, 12.32567637, 12.7317097 , 12.23873034,
       12.60444799, 13.58403976, 12.39714783, 13.70709896, 12.31961819,
       13.370833  , 13.24302286, 13.23472121, 12.2039469 , 12.6019516 ,
       12.01298224, 11.70435748, 12.31479495, 11.17835451,  7.44226787,
       11.67252375, 11.09850697, 12.57754487, 11.49303758, 11.98703056,
       13.55413417, 11.45121653, 10.52426016, 11.2999454 , 12.73812838,
       12.93713273, 11.71503929, 11.47297454, 12.271566  , 11.72621693,
       11.79958387, 11.63175132, 11.97747843, 13.30164684, 12.03561265,
       11.9764997 , 11.6112152 , 11.56343771, 11.75781693, 13.01412083,
       13.11507135, 12.3776052 , 11.24170038, 12.72976068, 11.84989595,
       10.91803879, 12.35620036, 11.70206491, 12.38734974, 11.65264528,
       12.02681803, 13.48258638, 12.21879898, 11.37508199, 13.5835315 ,
       10.79313808, 12.32052319, 12.50484703, 10.79046282, 14.57590683,
        7.10471726, 11.15357907, 11.42662236, 11.52262651, 12.55978444,
       12.84934032,  8.51853219,  7.61380676,  9.63295635, 11.8657313 ,
        4.09660367,  4.78158537, 13.51356352,  4.38374834, 13.32191037,
       12.07514389, 14.02904996,  9.01734041, 12.15409201, 13.14173925,
        6.00691731,  4.00530115,  4.08617059,  4.26258459, 13.68521962,
        3.64380086, 13.91331695,  3.54339564,  4.18430392, 12.70292419,
        5.60109643, 11.38276027,  3.79517557, 12.89458609,  4.30773949,
        4.22762553,  3.51977933, 12.44210603, 10.27727681, 10.68187371,
       12.81192195,  4.13591983,  4.86762173,  3.9497825 , 10.23573932,
        3.71223383, 13.98632795,  4.65680009, 14.22374353,  3.55643543,
        3.55218064,  3.40925007, 10.57648709, 12.53676485,  5.06062762,
        3.32297485, 13.18750455, 11.29257017,  3.77319244, 13.47321572,
        3.31127855, 12.30316313, 14.54993547,  3.84336594, 13.50219823,
        3.86365868,  3.56087716,  4.4691492 ,  4.54402476,  3.86408394,
        3.6980469 ,  3.50525207,  2.88422071, 11.70112334, 13.21299581,
       11.13416036, 10.79009294, 10.77135001, 13.81143068,  4.14986142,
        4.79375554,  5.33523496,  4.33187267, 13.1008345 , 11.01549287,
        2.22185105,  4.32181828,  3.9855207 ,  4.54776691, 13.67772462,
        3.79120281, 12.07995045,  3.33971182, 14.56403278,  2.66099504,
        4.20574461, 12.73004545,  3.66916427,  3.82556854, 10.66755233,
       12.2735637 ,  3.85185743,  3.5285509 , 12.1679688 , 13.55583049,
       12.41884025, 12.67958489, 13.14058924,  4.12137572, 13.00385914,
       11.5031819 , 13.00538609, 10.85284373,  2.15983182,  3.46639117,
       13.83740216, 15.70092363,  3.8121006 ,  3.45160074, 15.19350492,
        3.69462026,  9.47288333, 10.92224258, 13.11837728, 10.87064132,
       12.11400244,  4.03341787,  3.73999114,  4.04919828,  3.51281237])]
WW_fc:[0.32, 'cal', [0.29, 0.35], 0.314, 0.015, array([0.32456599, 0.31627618, 0.31345341, 0.31235423, 0.32066887,
       0.31230681, 0.31544712, 0.32690441, 0.32088255, 0.32127809,
       0.31086705, 0.31100159, 0.32102266, 0.31561989, 0.31171831,
       0.3188945 , 0.31387144, 0.31191276, 0.31340368, 0.3237216 ,
       0.3253128 , 0.32267578, 0.31695613, 0.3225724 , 0.32744623,
       0.32316403, 0.32990463, 0.31486947, 0.32387694, 0.32898489,
       0.31679985, 0.31416969, 0.3294918 , 0.32954227, 0.32006707,
       0.31498877, 0.32536621, 0.32050813, 0.31635662, 0.32008856,
       0.31246284, 0.32242313, 0.31513146, 0.31161129, 0.3174113 ,
       0.31630407, 0.32308984, 0.32536068, 0.31466893, 0.31180866,
       0.31566369, 0.31412222, 0.3249303 , 0.31656198, 0.32218077,
       0.32734038, 0.31203917, 0.31474616, 0.320163  , 0.32419993,
       0.32421022, 0.29978   , 0.32262921, 0.33070684, 0.29612718,
       0.33203148, 0.30451616, 0.34225949, 0.32665278, 0.30275705,
       0.32512753, 0.32027493, 0.3322146 , 0.33034852, 0.30453312,
       0.30562469, 0.3137138 , 0.31042767, 0.34438602, 0.31472736,
       0.30021104, 0.29862966, 0.31183833, 0.29537884, 0.2933775 ,
       0.30295418, 0.2987826 , 0.29182654, 0.32211303, 0.31974771,
       0.29091623, 0.29376099, 0.30297455, 0.3183855 , 0.29516332,
       0.31476108, 0.29823389, 0.33031707, 0.30562069, 0.30857863,
       0.30376123, 0.34641557, 0.30641297, 0.31544677, 0.30330818,
       0.29909712, 0.32617957, 0.3276174 , 0.33295685, 0.34496306,
       0.31662327, 0.33579857, 0.2941376 , 0.33305534, 0.33588224,
       0.33853733, 0.29713737, 0.32405164, 0.2912148 , 0.29736097,
       0.32784102, 0.34269752, 0.33832253, 0.3266239 , 0.30532471,
       0.33605138, 0.30515666, 0.31838487, 0.31895236, 0.30272425,
       0.32774625, 0.31385047, 0.30277009, 0.30661729, 0.29323531,
       0.31328388, 0.3250197 , 0.29042946, 0.31091345, 0.30648873,
       0.32194746, 0.33708255, 0.32869188, 0.32179391, 0.3083369 ,
       0.33800803, 0.33959936, 0.33160406, 0.29229496, 0.31538424,
       0.30715363, 0.29386635, 0.30824241, 0.31726408, 0.31523709,
       0.34965721, 0.3170992 , 0.30983839, 0.29938236, 0.30350556,
       0.30778572, 0.32716005, 0.322906  , 0.29430083, 0.31746347,
       0.30333349, 0.31678551, 0.33327134, 0.30589454, 0.34522517,
       0.3103112 , 0.30898091, 0.32565197, 0.32732411, 0.31901208,
       0.30202067, 0.32003438, 0.31310968, 0.30488865, 0.3037046 ,
       0.29296902, 0.3046234 , 0.328114  , 0.34767114, 0.33380993,
       0.29572088, 0.29069632, 0.31445852, 0.34157319, 0.29325652,
       0.32931278, 0.34323073, 0.33921479, 0.31455125, 0.34078666,
       0.30838124, 0.33374497, 0.34021664, 0.30817654, 0.34628824])]
WW_w:[0.09, 'cal', [0.06, 0.12], 0.089, 0.01, array([0.09479062, 0.09583979, 0.09993633, 0.09132962, 0.0857527 ,
       0.08729406, 0.08743001, 0.09557332, 0.08890712, 0.0862208 ,
       0.09565037, 0.09499463, 0.09177813, 0.09962144, 0.09506734,
       0.09974498, 0.09246717, 0.09579975, 0.09281138, 0.09608795,
       0.09830158, 0.09716639, 0.09811029, 0.08894775, 0.09181034,
       0.09507487, 0.08951568, 0.09265528, 0.08932435, 0.09394698,
       0.09998415, 0.08325258, 0.08004975, 0.08831315, 0.09911001,
       0.09996691, 0.09650111, 0.09678193, 0.09379469, 0.08977368,
       0.0900768 , 0.08930023, 0.09581386, 0.09992078, 0.0985953 ,
       0.0949017 , 0.09834277, 0.09203222, 0.08813075, 0.09976279,
       0.09242006, 0.09722058, 0.08812857, 0.09562878, 0.09724855,
       0.0864509 , 0.09662863, 0.08610068, 0.09960497, 0.09756656,
       0.08719523, 0.08795275, 0.10697953, 0.09554989, 0.09189172,
       0.08475453, 0.08811003, 0.11778452, 0.08155429, 0.10101804,
       0.06154436, 0.0868413 , 0.09314607, 0.0935165 , 0.09185783,
       0.11428074, 0.09569279, 0.07504561, 0.06781947, 0.08200559,
       0.07863171, 0.10359336, 0.1038487 , 0.09152982, 0.08998983,
       0.08253994, 0.10872318, 0.11349577, 0.09001666, 0.10394304,
       0.1193196 , 0.06542915, 0.08797386, 0.07947047, 0.09466881,
       0.07272741, 0.0970623 , 0.06009608, 0.08019735, 0.09467111,
       0.06049777, 0.09836297, 0.07289846, 0.10797539, 0.09431895,
       0.09069892, 0.08733412, 0.10271419, 0.07328353, 0.08850723,
       0.10636245, 0.09889417, 0.10445759, 0.10079404, 0.07534355,
       0.08209608, 0.09346231, 0.08586051, 0.08773298, 0.06562347,
       0.07131844, 0.07211697, 0.0768075 , 0.10321544, 0.10523991,
       0.06526397, 0.10039502, 0.07977083, 0.09048826, 0.09283866,
       0.07165722, 0.0836504 , 0.10726062, 0.0671743 , 0.09555134,
       0.06046618, 0.062722  , 0.08953376, 0.11415614, 0.06705058,
       0.0869732 , 0.08013725, 0.0989497 , 0.08918029, 0.10300664,
       0.08600703, 0.09335847, 0.08329141, 0.08926576, 0.09925762,
       0.105834  , 0.11390297, 0.08782664, 0.09491521, 0.07408787,
       0.06270236, 0.09110604, 0.09559464, 0.10510653, 0.10731675,
       0.06547326, 0.09785345, 0.06018918, 0.11933184, 0.07728572,
       0.08942213, 0.09600639, 0.07968334, 0.06176287, 0.09432185,
       0.09403825, 0.06617432, 0.06850821, 0.08839513, 0.11205133,
       0.08231568, 0.09038856, 0.1089852 , 0.06924524, 0.08087639,
       0.06951121, 0.08162536, 0.08224449, 0.06894195, 0.08484251,
       0.09002209, 0.10820468, 0.07912618, 0.06115641, 0.11619227,
       0.0812431 , 0.07977734, 0.08116084, 0.09620246, 0.09865178,
       0.0924244 , 0.08043176, 0.08457934, 0.09405125, 0.07798337])]
rho_st:[0.4, 'cal', [0.28, 0.48], 0.33, 0.037, array([0.3966812 , 0.36605302, 0.36818575, 0.33662524, 0.37483751,
       0.39387125, 0.38770256, 0.38629057, 0.39762961, 0.38879355,
       0.39751391, 0.36943453, 0.39260923, 0.34380375, 0.40461935,
       0.35058465, 0.36869677, 0.37004468, 0.40532023, 0.37183344,
       0.32933747, 0.31936578, 0.35831769, 0.31085948, 0.30024597,
       0.3628207 , 0.31947235, 0.34320638, 0.34531246, 0.32787053,
       0.31268717, 0.42074427, 0.43069715, 0.3245413 , 0.36875883,
       0.30190675, 0.36747957, 0.30800415, 0.30200403, 0.30259605,
       0.34116726, 0.39987782, 0.3182702 , 0.31840893, 0.3172442 ,
       0.32414844, 0.30879694, 0.30578569, 0.39539958, 0.30716781,
       0.36771669, 0.36353903, 0.3784873 , 0.35376077, 0.3034258 ,
       0.39843118, 0.30235829, 0.30628759, 0.31782775, 0.30600417,
       0.36932596, 0.38315606, 0.36421105, 0.31630168, 0.30514752,
       0.31842955, 0.37598329, 0.30605031, 0.37359275, 0.35392438,
       0.30565411, 0.30574955, 0.31348905, 0.31252268, 0.36266556,
       0.31778922, 0.3002928 , 0.31184636, 0.37294264, 0.39749947,
       0.36016284, 0.33019034, 0.33201229, 0.33338517, 0.36504561,
       0.37691274, 0.33923052, 0.33224402, 0.38391451, 0.32680218,
       0.32622601, 0.32295165, 0.36563738, 0.32259284, 0.35717541,
       0.40650933, 0.35599863, 0.33032575, 0.3222171 , 0.36689455,
       0.32005741, 0.34469243, 0.38657642, 0.34463285, 0.32241674,
       0.3323762 , 0.428947  , 0.35590956, 0.36347393, 0.37264088,
       0.32134074, 0.32123741, 0.34902628, 0.32215499, 0.33769254,
       0.32720557, 0.36640025, 0.33873898, 0.35153649, 0.38237411,
       0.32316964, 0.32011767, 0.39468253, 0.33187089, 0.32084092,
       0.32072847, 0.36136763, 0.32211246, 0.32004447, 0.38143277,
       0.33121926, 0.37916108, 0.32162053, 0.32082146, 0.33300033,
       0.32475398, 0.32143527, 0.34415195, 0.37030192, 0.39313516,
       0.32299279, 0.32013921, 0.33233591, 0.36166732, 0.36153857,
       0.35864984, 0.34860066, 0.32346415, 0.35662466, 0.32087569,
       0.33720892, 0.32479497, 0.3211811 , 0.38241574, 0.39363348,
       0.32961972, 0.3216233 , 0.40013971, 0.32098306, 0.34484925,
       0.32384575, 0.34586415, 0.36601041, 0.32020471, 0.34843532,
       0.3298081 , 0.36098235, 0.32060047, 0.32445622, 0.3406295 ,
       0.36506841, 0.43539025, 0.32992611, 0.38270163, 0.32815558,
       0.41283924, 0.38476436, 0.33652558, 0.33026299, 0.38495577,
       0.4203523 , 0.40841725, 0.32101135, 0.28399914, 0.28421065,
       0.36341305, 0.34553928, 0.28118725, 0.28134181, 0.29503449,
       0.28156196, 0.33788454, 0.41487831, 0.32548289, 0.30239007,
       0.31433373, 0.2805966 , 0.29054649, 0.28108777, 0.32705182])]
Kc0:[1, 'cal', [0.1, 1.5], 0.454, 0.04, array([0.52444177, 0.50347144, 0.52433721, 0.50040717, 0.50230881,
       0.53185663, 0.50380068, 0.50939841, 0.52531465, 0.50136177,
       0.50714137, 0.51454608, 0.50970249, 0.50108623, 0.50462522,
       0.50132195, 0.50701265, 0.50175136, 0.50348655, 0.50203855,
       0.4483573 , 0.42752731, 0.47245733, 0.43623213, 0.40155991,
       0.46287249, 0.45576322, 0.46529766, 0.4474798 , 0.48695285,
       0.46945201, 0.49050268, 0.48299652, 0.46281202, 0.49891737,
       0.44015019, 0.47072384, 0.44484704, 0.45847053, 0.44636035,
       0.43657311, 0.49081152, 0.42646148, 0.46119155, 0.4299065 ,
       0.43254757, 0.4501074 , 0.43187305, 0.47701968, 0.44331721,
       0.49863206, 0.47524537, 0.46305921, 0.48122115, 0.41822903,
       0.4702235 , 0.42076151, 0.44679832, 0.44407658, 0.4508729 ,
       0.48894959, 0.50806975, 0.48131334, 0.42363595, 0.43829726,
       0.44820897, 0.47152118, 0.46210794, 0.44546813, 0.51882202,
       0.40003641, 0.4301713 , 0.46240826, 0.46227549, 0.468164  ,
       0.44040134, 0.42511728, 0.40023878, 0.4543535 , 0.48725425,
       0.11940749, 0.12939444, 0.47958963, 0.14895881, 0.47860766,
       0.46236468, 0.4798177 , 0.10595729, 0.49525126, 0.4739484 ,
       0.11786055, 0.12998086, 0.12079202, 0.16436861, 0.48104148,
       0.11989133, 0.49486944, 0.15954988, 0.15488733, 0.48137527,
       0.22942842, 0.46487092, 0.12009429, 0.47688507, 0.14708711,
       0.11701229, 0.11712873, 0.48775132, 0.46631537, 0.46177652,
       0.45090039, 0.16717937, 0.13592892, 0.14798756, 0.4468379 ,
       0.15378442, 0.50116234, 0.18701315, 0.49029871, 0.11730059,
       0.15441763, 0.14163836, 0.46780208, 0.46829078, 0.18527944,
       0.13660852, 0.48730228, 0.44501424, 0.13939312, 0.5103525 ,
       0.12898007, 0.48573902, 0.48783039, 0.14307156, 0.45647241,
       0.1623728 , 0.1484624 , 0.16420639, 0.1109168 , 0.12551032,
       0.13520713, 0.13693043, 0.11457186, 0.46119256, 0.49040121,
       0.49708389, 0.44029833, 0.45139633, 0.48446417, 0.14688916,
       0.1366672 , 0.11223441, 0.16098333, 0.51928337, 0.45518918,
       0.11915657, 0.16525319, 0.12843337, 0.16526427, 0.48184155,
       0.14272023, 0.46664897, 0.14543507, 0.47455584, 0.11056413,
       0.12456621, 0.48778244, 0.14176519, 0.14323958, 0.4740281 ,
       0.46849733, 0.13303168, 0.14239176, 0.50149259, 0.48656181,
       0.50150657, 0.51112883, 0.47145733, 0.15477598, 0.49990037,
       0.46370084, 0.52129245, 0.44834258, 0.11820085, 0.12516255,
       0.49587388, 0.53719306, 0.14791996, 0.13489725, 0.46723128,
       0.13083256, 0.42477843, 0.49811807, 0.46575395, 0.4416565 ,
       0.42355746, 0.16416885, 0.15866021, 0.13940501, 0.14943903])]
