A:[0.3, 'cal', [0.0, 1.0], 0.171, 0.035, array([0.19033925, 0.22387964, 0.18074639, 0.63382857, 0.40760834,
       0.21417008, 0.81553291, 0.23148679, 0.18414722, 0.18236272,
       0.18305555, 0.18084397, 0.28849346, 0.19705042, 0.19963182,
       0.17494796, 0.82957881, 0.18904618, 0.20296848, 0.18356521,
       0.18581122, 0.2010065 , 0.18660705, 0.1887088 , 0.73650054,
       0.5082491 , 0.20343821, 0.18470414, 0.23608748, 0.20386096,
       0.17963619, 0.18030261, 0.19963338, 0.19893583, 0.1936478 ,
       0.18230085, 0.71452276, 0.20066091, 0.17609972, 0.31425108,
       0.17083293, 0.19874653, 0.20027364, 0.18615883, 0.25164546,
       0.18514898, 0.18538236, 0.21831081, 0.24462704, 0.18671965,
       0.38092328, 0.19138152, 0.21705613, 0.88892141, 0.24340212,
       0.17835775, 0.18467035, 0.20434375, 0.19532161, 0.72229218,
       0.18520089, 0.20464963, 0.2325636 , 0.19900389, 0.22320501,
       0.71182445, 0.19400214, 0.1990425 , 0.1837429 , 0.18707843,
       0.49719398, 0.37559949, 0.20122313, 0.19023585, 0.17767127,
       0.31005532, 0.22661514, 0.18058501, 0.20893778, 0.1795109 ,
       0.22386056, 0.21438018, 0.18699008, 0.19364604, 0.69605918,
       0.19545792, 0.27066825, 0.19435892, 0.62387319, 0.18273344,
       0.26963976, 0.17620087, 0.19818085, 0.2264227 , 0.46994296,
       0.19339627, 0.28433286, 0.17655531, 0.18481093, 0.18655612])]
B:[1.5, 'cal', [0.0, 3.0], 0.595, 0.654, array([1.9039138 , 0.47663638, 1.3733907 , 0.08894899, 0.20566965,
       0.62373715, 0.05880648, 0.53088802, 1.05025459, 1.83187546,
       1.70762851, 0.92659136, 0.41926617, 0.94553015, 1.09652521,
       2.02038532, 0.06824932, 0.89183493, 0.71476809, 2.99706641,
       1.22296333, 1.71907543, 1.0446423 , 2.66464441, 0.08114809,
       0.14977382, 0.80639855, 1.41383265, 0.51799535, 0.74290857,
       1.43724471, 1.35639622, 0.80661957, 1.08671526, 1.28368435,
       1.55676799, 0.10526382, 0.77053866, 1.37703654, 0.26775508,
       1.46117916, 0.63006165, 2.00972628, 1.2654977 , 0.46370495,
       1.09914138, 1.35535768, 0.57242637, 0.48807858, 1.16894893,
       0.21034772, 1.05025982, 0.60210631, 0.06188352, 0.42643776,
       1.56997981, 1.67511599, 0.65879585, 1.06042087, 0.08492602,
       1.07349588, 0.78580333, 0.5198012 , 0.68492334, 0.56097307,
       0.09247396, 1.79145331, 0.73812975, 1.52331447, 1.00759328,
       0.14529796, 0.17504314, 0.67306998, 1.26806103, 1.07312722,
       0.2987178 , 0.50434171, 2.55001487, 1.05777627, 1.52264249,
       0.60833075, 0.68784184, 1.23217996, 1.38704717, 0.10423901,
       0.80379506, 0.41148619, 1.241347  , 0.11632291, 2.88200497,
       0.42694214, 1.00758207, 0.97644936, 0.52141116, 0.15117092,
       1.08880596, 0.53038969, 1.33857709, 1.80102548, 2.24303814])]
C:[-15, 'cal', [-30.0, -5.0], -18.326, 0.603, array([-17.01629995, -17.61358144, -18.10133788, -17.90295059,
       -18.41004284, -18.10922392, -19.27889676, -17.68548764,
       -17.8938259 , -17.11724625, -17.3660269 , -18.06922968,
       -17.85137914, -17.93538066, -18.36060822, -17.85762841,
       -17.38192769, -18.39056106, -17.47446942, -15.06254292,
       -17.49104617, -15.94574497, -18.25979883, -16.30272014,
       -18.4122959 , -17.52577864, -18.53564684, -17.15357557,
       -17.7833617 , -18.26103515, -17.84859282, -18.29315098,
       -18.18085108, -17.9977553 , -16.50083655, -17.28319687,
       -17.2017305 , -18.05965436, -17.31485919, -18.06360644,
       -18.45647572, -18.73598609, -16.4168517 , -18.31778989,
       -17.83085878, -18.09197183, -18.51626684, -18.9250163 ,
       -18.01804201, -18.25195688, -17.54761431, -17.55665076,
       -17.89407766, -18.59509347, -19.15357376, -19.13945497,
       -17.21444831, -18.29029286, -17.8653282 , -18.41907311,
       -18.49112299, -17.75224298, -18.45830426, -18.02560618,
       -18.60697876, -17.48814311, -16.61251247, -19.29952856,
       -17.28864933, -18.04955742, -18.85732713, -17.87427735,
       -18.74691267, -17.8171226 , -18.29715752, -18.82935536,
       -18.31333898, -16.4560723 , -18.80077865, -18.76591308,
       -18.76993096, -18.5003249 , -18.43232563, -16.63622826,
       -18.44368261, -18.61794541, -17.39724629, -18.42278239,
       -18.447774  , -16.08048205, -18.3986799 , -18.86359224,
       -18.01880318, -18.03058087, -18.40467353, -18.77710642,
       -16.95174164, -18.40527824, -17.68944627, -17.2858088 ])]
D:[30, 'cal', [10.0, 100.0], 26.678, 4.549, array([32.57264979, 25.08205949, 30.63401901, 20.70453399, 23.50955039,
       25.43988936, 24.44515323, 29.32085673, 28.6010372 , 34.27839498,
       28.5962084 , 31.10528814, 25.45157189, 28.8385698 , 30.58082395,
       34.0112571 , 16.33953207, 37.75861464, 28.74565218, 30.54776966,
       25.29639575, 32.2204823 , 31.08891264, 34.61931015, 28.64124024,
       29.06399325, 30.31411507, 25.64200255, 25.40834874, 28.28684642,
       27.32145837, 30.53054516, 27.42774339, 28.18099031, 29.49748419,
       28.27649329, 22.75924736, 31.07663866, 24.6959172 , 27.29906974,
       29.77346179, 27.28099073, 30.35070486, 39.31725158, 22.14638443,
       28.10984878, 31.14140434, 27.62803711, 25.57447335, 28.84820147,
       18.23714604, 24.78663873, 24.22066249, 25.83990764, 27.26375482,
       36.63355383, 25.414515  , 24.67837228, 25.0803539 , 22.01890083,
       33.8974579 , 22.30759111, 24.97042103, 27.39748724, 30.24912518,
       21.16471714, 25.26854147, 28.11089038, 26.22849219, 27.63988872,
       28.28484197, 19.24445989, 28.81857413, 28.97921045, 25.60335084,
       23.97631598, 24.56576005, 30.8786284 , 33.98043534, 34.9509944 ,
       27.11483977, 26.90766592, 33.67342929, 26.17541986, 24.04216436,
       33.87306111, 22.64376998, 29.67160622, 27.37319541, 34.28843064,
       23.11995468, 31.90526078, 29.90385179, 29.74180766, 22.20737431,
       38.3514242 , 22.0799469 , 38.806963  , 36.48809723, 32.60931684])]
WW_fc:[0.32, 'cal', [0.3, 0.5], 0.383, 0.04, array([0.37602937, 0.38546914, 0.38605926, 0.38071841, 0.4010459 ,
       0.39535762, 0.39139651, 0.33836136, 0.39225987, 0.34727576,
       0.43095465, 0.35357998, 0.38779522, 0.3834049 , 0.38072352,
       0.4005802 , 0.43456145, 0.30927838, 0.34414732, 0.40110655,
       0.44021724, 0.34394976, 0.36508549, 0.36805479, 0.3526538 ,
       0.30879176, 0.36387618, 0.43312104, 0.40291391, 0.38478697,
       0.43032288, 0.39159165, 0.37634112, 0.40297634, 0.33767537,
       0.43001903, 0.37884269, 0.34437886, 0.45252245, 0.34295555,
       0.40035283, 0.40710981, 0.38116633, 0.30755251, 0.44749777,
       0.39071122, 0.39473887, 0.38476135, 0.38031562, 0.39717118,
       0.45541522, 0.43337782, 0.40280704, 0.32267184, 0.39015154,
       0.35345509, 0.45853795, 0.41414867, 0.42671495, 0.41239117,
       0.33647538, 0.45515768, 0.41462722, 0.37532836, 0.35907056,
       0.38800409, 0.43892161, 0.41407603, 0.42724763, 0.38178035,
       0.35112993, 0.45525373, 0.37756312, 0.39582434, 0.44219332,
       0.41983135, 0.41590936, 0.4125537 , 0.34513301, 0.36677404,
       0.38801873, 0.3981532 , 0.36038295, 0.40746377, 0.37504503,
       0.33394415, 0.41660985, 0.40427916, 0.38379648, 0.38219281,
       0.42079156, 0.36958263, 0.3633807 , 0.32204212, 0.4202672 ,
       0.30592716, 0.43483178, 0.30649881, 0.33673863, 0.40179425])]
WW_w:[0.09, 'cal', [0.1, 0.2], 0.154, 0.017, array([0.14286016, 0.12702841, 0.16086321, 0.11917938, 0.158487  ,
       0.15305333, 0.14470761, 0.16200886, 0.1819068 , 0.15023307,
       0.17232504, 0.1403883 , 0.1419546 , 0.15510953, 0.14372125,
       0.17850048, 0.10235079, 0.16930982, 0.16771299, 0.18170287,
       0.16392   , 0.17368642, 0.17378037, 0.15939472, 0.16377164,
       0.11061448, 0.16669534, 0.14427532, 0.16660254, 0.16188561,
       0.17510765, 0.18528785, 0.15347449, 0.1731008 , 0.15360559,
       0.14253448, 0.15757946, 0.15887036, 0.17646208, 0.16910661,
       0.1463922 , 0.18014433, 0.17123809, 0.1665302 , 0.15822758,
       0.19506161, 0.14875115, 0.15456146, 0.13628184, 0.17527907,
       0.16339502, 0.15989873, 0.13812997, 0.13652943, 0.17711462,
       0.16201108, 0.17150235, 0.15809515, 0.17062427, 0.14922682,
       0.14866822, 0.15184977, 0.16948352, 0.15607121, 0.1556319 ,
       0.15196553, 0.18944687, 0.16015568, 0.19811085, 0.14259518,
       0.10690194, 0.16296562, 0.14097056, 0.17600143, 0.15065411,
       0.10773186, 0.1750818 , 0.14270346, 0.19169665, 0.14324469,
       0.16101059, 0.14846039, 0.14078318, 0.13868213, 0.13711882,
       0.14898904, 0.17193287, 0.15741668, 0.16412198, 0.17501192,
       0.15494721, 0.13752462, 0.13108136, 0.15175143, 0.16804259,
       0.14485994, 0.13804593, 0.1536847 , 0.18271286, 0.1621061 ])]
rho_st:[0.4, 'cal', [0.38, 0.62], 0.417, 0.046, array([0.47227137, 0.51884622, 0.43046846, 0.49075558, 0.38445175,
       0.4549166 , 0.43774248, 0.44053971, 0.45277629, 0.46323927,
       0.46428639, 0.44316358, 0.41679883, 0.4343936 , 0.38599221,
       0.43958788, 0.51499254, 0.41417008, 0.47978187, 0.53000419,
       0.47197231, 0.52525529, 0.42061933, 0.4528988 , 0.42720746,
       0.5433189 , 0.4080745 , 0.48648211, 0.45528444, 0.42789319,
       0.43742731, 0.4217649 , 0.42781499, 0.415679  , 0.50763267,
       0.47806623, 0.43158595, 0.43503511, 0.46875684, 0.44541786,
       0.40055252, 0.40735619, 0.46526336, 0.42594794, 0.41878045,
       0.41909118, 0.38559996, 0.38090635, 0.37915161, 0.41163673,
       0.52526644, 0.452448  , 0.48863089, 0.38928261, 0.39685849,
       0.38633316, 0.46926957, 0.43332093, 0.41889607, 0.46570323,
       0.39981026, 0.48562697, 0.41455007, 0.44198771, 0.43063885,
       0.49353894, 0.48382515, 0.38666227, 0.4555386 , 0.47376651,
       0.46040044, 0.47720599, 0.37596843, 0.43253282, 0.38698465,
       0.38892909, 0.41979406, 0.48515532, 0.38853581, 0.38285266,
       0.41444624, 0.3766137 , 0.41395392, 0.48842722, 0.50091971,
       0.40699045, 0.4468246 , 0.37731559, 0.42552173, 0.48522904,
       0.37940699, 0.38066173, 0.40946577, 0.46928363, 0.41502373,
       0.4080648 , 0.393878  , 0.41085591, 0.41624135, 0.44499067])]
Kc0:[0.5, 'cal', [0.0, 1.0], 0.697, 0.112, array([0.85051106, 0.88109393, 0.72527796, 0.63720258, 0.63486725,
       0.55984727, 0.77680418, 0.82551055, 0.82928727, 0.79472925,
       0.82809118, 0.82528527, 0.68083821, 0.77437938, 0.63764189,
       0.76362076, 0.85627644, 0.77689757, 0.81146229, 0.97003457,
       0.77611213, 0.94442334, 0.78474878, 0.829589  , 0.63792533,
       0.63873405, 0.56731283, 0.76099543, 0.74085666, 0.72166351,
       0.80100286, 0.72136794, 0.53052151, 0.72763387, 0.93074926,
       0.81461571, 0.69804321, 0.72901473, 0.8107398 , 0.6682129 ,
       0.67420528, 0.73159049, 0.81904133, 0.75005365, 0.68758257,
       0.77306866, 0.6751573 , 0.63781838, 0.72767378, 0.72610677,
       0.46376044, 0.7775227 , 0.53412876, 0.63281431, 0.62064975,
       0.57293295, 0.76282921, 0.56586722, 0.64503064, 0.51453221,
       0.71319823, 0.52935113, 0.63065595, 0.81052209, 0.53923012,
       0.67031022, 0.81272192, 0.50012771, 0.83215545, 0.51807338,
       0.44518298, 0.76136028, 0.65813241, 0.75428138, 0.73315425,
       0.35165422, 0.71535932, 0.77897879, 0.70410137, 0.63385125,
       0.5544828 , 0.57759095, 0.72948382, 0.87013193, 0.48131091,
       0.73245543, 0.72963108, 0.70869837, 0.80706425, 0.8553549 ,
       0.54774964, 0.60857268, 0.68065432, 0.64893824, 0.67713722,
       0.55684824, 0.75055228, 0.72614297, 0.77894545, 0.79310304])]
