A:[0.3, 'cal', [0.01, 1.0], 0.333, 0.006, array([0.33514555, 0.39082592, 0.33549383, 0.33962983, 0.35388167,
       0.34424149, 0.35937134, 0.33673309, 0.41601245, 0.33575919,
       0.333158  , 0.38733273, 0.34137845, 0.34375204, 0.35857233,
       0.45393759, 0.35962534, 0.37231219, 0.41291831, 0.34389653])]
B:[1.5, 'cal', [0.1, 3.0], 0.704, 0.162, array([0.88710216, 0.57152479, 0.88613813, 0.72368893, 0.65356255,
       0.82278505, 0.70697112, 0.71701147, 0.43428301, 0.97731054,
       0.86373362, 0.49356238, 0.73616783, 0.80436546, 0.74506542,
       0.39675567, 0.7112522 , 0.65282795, 0.45676224, 0.73197959])]
C:[-15, 'cal', [-30.0, -5.0], -14.209, 0.263, array([-14.1271896 , -14.28420412, -13.99245694, -13.80838711,
       -14.18806951, -14.81737439, -13.97045145, -14.17843688,
       -13.92183714, -17.69870389, -14.2199352 , -13.85305883,
       -13.95364464, -14.22358446, -14.8905659 , -14.64374683,
       -14.00782486, -14.23164376, -14.09937706, -13.89367726])]
D:[30, 'cal', [10.0, 100.0], 26.687, 1.58, array([29.59203272, 26.18548023, 29.06884908, 27.62112134, 28.8083547 ,
       29.60038864, 26.58355473, 28.52571764, 25.2826192 , 40.313061  ,
       28.06538595, 26.08924287, 27.81261135, 27.939507  , 29.32993504,
       27.36730229, 27.22658872, 26.36585524, 25.97663463, 27.75595836])]
W_max:[100, 'cal', [1.0, 100.0], 3.679, 0.791, array([ 5.47923836,  3.6963855 ,  5.17407947, 11.08480414, 11.59897552,
        3.84399285,  3.68098503, 11.37240784, 10.70841098,  5.4072019 ,
        3.64250438, 11.08054385, 11.3763421 ,  3.87088487,  3.9942395 ,
        2.78047258,  4.06788667,  3.64081422,  4.92067278, 10.63974471])]
WW_fc:[0.32, 'cal', [0.31, 0.33], 0.32, 0.005, array([0.31323412, 0.32540802, 0.31194499, 0.32154816, 0.31309127,
       0.32115213, 0.32462331, 0.31880905, 0.3294517 , 0.31160586,
       0.32210584, 0.32222017, 0.32396553, 0.32099041, 0.31901729,
       0.31422512, 0.31956579, 0.32833173, 0.3192479 , 0.32021493])]
WW_w:[0.09, 'cal', [0.08, 0.1], 0.086, 0.007, array([0.09069481, 0.08073912, 0.08457659, 0.09045597, 0.09364181,
       0.09152258, 0.08009349, 0.09506095, 0.08858284, 0.09612336,
       0.083184  , 0.0859689 , 0.09263079, 0.08200806, 0.0870651 ,
       0.09638931, 0.08013318, 0.08317429, 0.08187229, 0.09015805])]
rho_st:[0.02, 'cal', [0.3, 0.5], 0.3, 0.001, array([0.30011046, 0.30772754, 0.30013142, 0.30002745, 0.30008877,
       0.30171176, 0.30156789, 0.3000039 , 0.30015136, 0.30294038,
       0.31941959, 0.30013766, 0.30738645, 0.30221559, 0.3127852 ,
       0.30092064, 0.30030288, 0.31941018, 0.30133852, 0.30047854])]
Kc0:[0.04, 'cal', [0.01, 1.0], 0.11, 0.046, array([0.20999793, 0.14089736, 0.19811115, 0.48158184, 0.45166559,
       0.12710517, 0.1488849 , 0.4508705 , 0.47627247, 0.09315571,
       0.13040126, 0.48258287, 0.46063304, 0.14390023, 0.12054271,
       0.12112981, 0.16110753, 0.13704912, 0.19373483, 0.45087746])]
