A:[0.3, 'cal', [0.01, 1.0], 0.329, 0.018, array([0.3394481 , 0.52638885, 0.35935044, 0.32350291, 0.31584   ,
       0.31520215, 0.34678519, 0.33170013, 0.34060259, 0.34457831,
       0.36905844, 0.34694975, 0.3419958 , 0.29922743, 0.35041043,
       0.3386044 , 0.34673881, 0.34120242, 0.45210577, 0.33842576,
       0.34039545, 0.35973188, 0.35743292, 0.34261789, 0.33235421,
       0.3572171 , 0.36683457, 0.33079961, 0.35438625, 0.35829831,
       0.34704202, 0.34783294, 0.31494041, 0.34901309, 0.34096904,
       0.3398657 , 0.33402124, 0.34499789, 0.3422021 , 0.31205243,
       0.314435  , 0.32862134, 0.35943465, 0.35454947, 0.34079589,
       0.34257171, 0.33803053, 0.35888318, 0.3267325 , 0.31488289])]
B:[1.5, 'cal', [0.1, 3.0], 0.778, 0.117, array([0.90686164, 0.31698557, 0.75902036, 1.12374676, 1.35808802,
       1.7259512 , 0.83868753, 0.94365139, 0.90827444, 0.8435219 ,
       0.67593475, 0.81677989, 0.92293455, 1.12201227, 0.79754647,
       0.90838057, 0.82557727, 0.89370785, 0.39245969, 0.88475725,
       1.14460743, 0.74314949, 0.75573536, 0.88383759, 0.91195052,
       0.75288097, 0.77903574, 0.99923087, 0.77095325, 0.796899  ,
       0.83832712, 0.81979019, 1.55471821, 0.82798558, 0.8598797 ,
       0.90112977, 0.99788907, 0.8363001 , 0.85059242, 1.79141698,
       1.08608339, 1.21464088, 0.75404329, 0.7654299 , 0.85687222,
       0.88333567, 0.91773672, 0.75518034, 0.93954493, 1.10488665])]
C:[-15, 'cal', [-30.0, -5.0], -16.354, 0.825, array([-16.13175149, -15.71802551, -15.40790339, -18.19136308,
       -17.11735963, -18.87738962, -16.19756908, -16.75422258,
       -17.91387526, -16.03173992, -15.33853144, -16.24423928,
       -16.36370033, -16.57113094, -15.5092122 , -16.58373856,
       -15.76325645, -16.42955036, -14.08523646, -15.56596996,
       -16.8299459 , -16.82557483, -14.95534384, -15.98683825,
       -15.57000217, -15.00925902, -16.83266014, -17.4465591 ,
       -15.40939596, -16.7173429 , -15.30513582, -15.57036723,
       -18.34037002, -16.07258739, -15.42152801, -16.24183635,
       -17.63872985, -15.77265233, -15.19074511, -22.50230687,
       -14.56574084, -18.07919553, -15.32130514, -15.7423369 ,
       -16.49285378, -16.29106077, -16.49828131, -15.81895931,
       -17.56948818, -16.2604218 ])]
D:[30, 'cal', [10.0, 100.0], 32.89, 4.318, array([34.48357064, 29.32731385, 30.65174033, 42.44555518, 40.66283916,
       47.80764532, 34.65382767, 37.26388715, 40.59826698, 34.39616699,
       29.91478248, 35.34504579, 35.9904011 , 37.58950476, 31.97523332,
       36.67184066, 34.00219484, 36.15108684, 24.87281654, 33.298578  ,
       38.91715589, 36.56142912, 28.98774464, 34.73020948, 32.25397194,
       29.29223403, 36.96369849, 38.84544299, 31.30620777, 36.47989235,
       31.53455737, 31.73938622, 44.24473574, 33.52325591, 31.71112989,
       35.54424689, 40.18520724, 33.47622913, 30.84781863, 58.69505778,
       31.23270007, 42.74489127, 30.31799686, 32.82332685, 36.14953059,
       36.02567951, 36.22413271, 32.3525854 , 39.22158517, 36.69553076])]
W_max:[100, 'cal', [1.0, 100.0], 4.576, 0.472, array([4.95426024, 4.69091831, 3.15626907, 6.06159571, 5.44866524,
       7.75864715, 4.64547029, 4.98370922, 5.52319699, 4.71135854,
       4.25465974, 5.0553798 , 4.87829593, 5.17311075, 4.43086996,
       4.89711013, 4.6274663 , 4.82741082, 4.77909729, 5.1105844 ,
       4.73763756, 5.23220416, 2.98526394, 4.84534237, 4.66018103,
       4.28362253, 5.14297975, 5.34277051, 4.42791636, 5.13795291,
       4.17862668, 4.38065127, 5.46532589, 4.61702154, 4.49219578,
       4.64125212, 5.16249779, 4.86584972, 4.21674016, 7.72003273,
       4.22584645, 5.66930659, 4.09906301, 4.74003308, 5.05162431,
       5.33033186, 5.18423269, 4.18192713, 5.15194284, 6.32668816])]
WW_fc:[0.32, 'cal', [0.31, 0.33], 0.31, 0.001, array([0.32062466, 0.32103173, 0.32657236, 0.31000948, 0.31010015,
       0.31017059, 0.31497869, 0.31091055, 0.31193412, 0.31495275,
       0.3285147 , 0.31052725, 0.3138623 , 0.3100451 , 0.32039144,
       0.31127127, 0.31042078, 0.31097665, 0.3292867 , 0.31730321,
       0.31190566, 0.31036137, 0.32790489, 0.31395728, 0.32824179,
       0.32955099, 0.31029539, 0.31299687, 0.32127286, 0.31202736,
       0.31958958, 0.32650203, 0.31112099, 0.32290203, 0.32331686,
       0.31211532, 0.31060294, 0.31631662, 0.32346379, 0.310134  ,
       0.31756286, 0.31242322, 0.32954581, 0.31798829, 0.31023978,
       0.31048003, 0.31475291, 0.32105499, 0.31126529, 0.31182296])]
WW_w:[0.09, 'cal', [0.08, 0.1], 0.098, 0.001, array([0.09968193, 0.09865006, 0.09987505, 0.09997813, 0.09869773,
       0.09997748, 0.09997914, 0.09986735, 0.0989367 , 0.09963535,
       0.09826718, 0.09999949, 0.09959383, 0.0976839 , 0.09229096,
       0.09999894, 0.09519822, 0.09918124, 0.08056114, 0.09999928,
       0.09993235, 0.09975397, 0.08932503, 0.09985962, 0.09901828,
       0.08674576, 0.09952146, 0.09766814, 0.09357861, 0.09927969,
       0.08872257, 0.09911666, 0.098416  , 0.0999194 , 0.09289193,
       0.09999975, 0.09938401, 0.09620452, 0.08515881, 0.09995716,
       0.08477247, 0.09999883, 0.09254607, 0.09997118, 0.09996586,
       0.09969931, 0.09988259, 0.09865681, 0.09818566, 0.09915591])]
rho_st:[0.02, 'cal', [0.01, 0.4], 0.011, 0.015, array([0.03489257, 0.07302977, 0.11859627, 0.0227474 , 0.02077545,
       0.010778  , 0.08346156, 0.03554017, 0.01263845, 0.04896723,
       0.12786421, 0.03699515, 0.03113395, 0.0229603 , 0.0590167 ,
       0.02208004, 0.06235565, 0.02477522, 0.15370297, 0.08910189,
       0.03172295, 0.0116067 , 0.15798773, 0.05092821, 0.01315974,
       0.10558704, 0.01326089, 0.0213461 , 0.11771016, 0.03237423,
       0.09741819, 0.09062561, 0.04861631, 0.03635452, 0.08446758,
       0.06352236, 0.01958732, 0.03492705, 0.08776455, 0.01250648,
       0.16272764, 0.01782521, 0.09558661, 0.08686224, 0.05261044,
       0.0153056 , 0.02070297, 0.10737498, 0.02506923, 0.01080679])]
Kc0:[0.04, 'cal', [0.01, 0.3], 0.142, 0.013, array([0.15976146, 0.17082613, 0.11972628, 0.13001805, 0.14019964,
       0.14353333, 0.14014889, 0.1393648 , 0.12988515, 0.15406867,
       0.15266477, 0.15931969, 0.14755619, 0.14827369, 0.15746361,
       0.14503027, 0.15589329, 0.14457853, 0.23076409, 0.17837276,
       0.12988262, 0.14722476, 0.1165836 , 0.15916987, 0.17349466,
       0.16045116, 0.14574551, 0.12837368, 0.1501657 , 0.14415329,
       0.14619595, 0.15463051, 0.11204888, 0.15098598, 0.15793871,
       0.1418905 , 0.12808924, 0.16722178, 0.15015553, 0.09836134,
       0.16159264, 0.12087321, 0.14828846, 0.16071991, 0.14708998,
       0.16530641, 0.15412345, 0.1370533 , 0.12100214, 0.19159807])]
