A:['[-]', 'cal', [0.0, 1.0], 0.342, 0.005, array([0.35004495, 0.3415235 , 0.34733084, 0.32894308, 0.3529056 ,
       0.34887721, 0.35032055, 0.34178567, 0.37445256, 0.35871069,
       0.3503871 , 0.34686876, 0.40941165, 0.3376595 , 0.34676625,
       0.35104115, 0.35138847, 0.34685025, 0.34830146, 0.3423706 ,
       0.35848434, 0.34657191, 0.33636223, 0.34425514, 0.33838487,
       0.34202932, 0.34532231, 0.36083515, 0.34793367, 0.34333767,
       0.3457906 , 0.34819631, 0.34635037, 0.34959276, 0.34519807,
       0.35227396, 0.34969521, 0.3406644 , 0.34633848, 0.34476089,
       0.3391772 , 0.3475108 , 0.34615261, 0.34719146, 0.34665862,
       0.35103669, 0.35612252, 0.33934267, 0.34487513, 0.34691663,
       0.35462099, 0.34715849, 0.34401987, 0.34536202, 0.34587023,
       0.34939791, 0.34240297, 0.34440469, 0.3491331 , 0.34925904,
       0.34465052, 0.34321834, 0.34549507, 0.33706507, 0.35028437,
       0.35053862, 0.35743278, 0.33801835, 0.34668969, 0.34902804,
       0.34814779, 0.34752409, 0.3276785 , 0.34388127, 0.3423188 ,
       0.33452997, 0.35276343, 0.34616985, 0.34234744, 0.34527118,
       0.34514436, 0.34346116, 0.3471669 , 0.35081237, 0.33046826,
       0.32621803, 0.3434896 , 0.3452002 , 0.34685554, 0.34471479,
       0.35345867, 0.33984037, 0.34582207, 0.34853343, 0.34890568,
       0.40402486, 0.34768724, 0.34461431, 0.34715709, 0.34979886])]
B:['[-]', 'cal', [0.0, 3.0], 0.653, 0.036, array([0.66976124, 0.71251008, 0.68838334, 0.75982727, 0.84709989,
       0.67672631, 0.78497843, 0.70154718, 0.57187802, 0.81141404,
       0.67105788, 0.69165372, 0.42681849, 0.85350457, 0.69071753,
       0.6657665 , 0.66397512, 0.6882916 , 0.69685814, 0.73989777,
       0.60354644, 0.6907106 , 0.75540846, 0.70306302, 0.72905638,
       0.72228376, 0.69323558, 0.62755144, 0.67394821, 0.71314386,
       0.69624669, 0.65293378, 0.6929004 , 0.67241524, 0.70744419,
       0.66877436, 0.66979802, 0.74674942, 0.69317193, 0.70753454,
       0.75104558, 0.68263688, 0.89137641, 0.69070303, 0.70028734,
       0.66638021, 0.63885438, 0.80933788, 0.70585245, 0.69831057,
       0.64112628, 0.68776454, 0.71247476, 0.69698418, 0.70113125,
       0.67431587, 0.69046512, 0.69062891, 0.67420049, 0.67816173,
       0.70858634, 0.86155412, 0.70048594, 0.77351313, 0.67125961,
       0.67623377, 0.6335433 , 0.7703307 , 0.68845168, 0.67530312,
       0.68072905, 0.68689369, 1.11463831, 0.71283558, 0.72175821,
       0.96592659, 0.64587796, 0.69421303, 0.73882162, 0.72275291,
       0.71173395, 0.69561468, 0.68532768, 0.69708073, 0.74246707,
       0.92897627, 0.71185286, 0.70036242, 0.69104354, 0.70730507,
       0.64245767, 0.72380356, 0.70273421, 0.68023864, 0.67313263,
       0.44050239, 0.68526147, 0.70581869, 0.68813479, 0.66977841])]
C:['[dB]', 'cal', [-30.0, -5.0], -14.799, 0.226, array([-14.39504011, -14.40675884, -14.37747325, -15.352769  ,
       -19.07317403, -14.51060109, -17.77631787, -14.60010209,
       -14.4674672 , -19.12397963, -14.38909485, -14.44622539,
       -14.71717882, -19.26179487, -14.38676393, -14.55214348,
       -14.52850511, -14.49619823, -14.46091218, -14.59566919,
       -14.53964969, -14.50509893, -15.47367856, -14.53836938,
       -14.37478962, -14.44553008, -14.54589105, -14.54747297,
       -14.53900478, -14.43273699, -14.52343383, -14.67974773,
       -14.51577363, -14.44350346, -14.36981143, -14.38847091,
       -14.51551974, -14.78617071, -14.48743013, -14.36833348,
       -14.41123131, -14.52907495, -19.17518509, -14.54103394,
       -14.49157047, -14.43721927, -14.53730889, -16.83800411,
       -14.36675233, -14.44127432, -14.39123406, -14.52694113,
       -14.48860504, -14.38438028, -14.4624212 , -14.53954545,
       -14.51947924, -14.50903809, -14.43836282, -14.52959063,
       -14.51184321, -18.29308957, -14.51451066, -15.54118867,
       -14.38578413, -14.4480647 , -14.52194724, -14.46087495,
       -14.53080569, -14.54345536, -14.50863613, -14.54017348,
       -19.68066946, -14.49005158, -14.50405736, -19.39796557,
       -14.56607606, -14.4348292 , -14.84646709, -14.44616837,
       -14.51549876, -14.44332371, -14.55574649, -14.36199722,
       -15.18409181, -17.76765049, -14.3730555 , -14.38620774,
       -14.54328283, -14.46116818, -14.43549871, -14.51219471,
       -14.37085272, -14.52941607, -14.55048714, -14.44775744,
       -14.4969522 , -14.47516879, -14.51167521, -14.51533977])]
D:['[dB m3/m3]', 'cal', [10.0, 100.0], 27.861, 1.788, array([26.47514342, 26.90883482, 27.94704164, 31.23763915, 45.77357473,
       28.51632305, 41.11115059, 31.20255191, 29.82079635, 45.80405912,
       27.35569682, 28.84796702, 26.20272184, 46.05509026, 28.1212704 ,
       30.41088187, 29.88904822, 27.61382121, 28.97575481, 28.18656089,
       28.02069071, 28.74459937, 30.31358658, 31.18197329, 27.96771142,
       27.89296353, 30.81780391, 28.81571377, 29.37218981, 28.28593491,
       29.57691948, 30.03570873, 29.4407997 , 27.99388424, 28.88615462,
       28.0876145 , 28.15100833, 29.25889389, 28.93431076, 27.4557323 ,
       27.8477317 , 29.3615583 , 46.38511185, 31.08527782, 31.21852409,
       27.76124544, 28.44575119, 38.15333443, 27.7676659 , 28.78052585,
       26.5606001 , 30.36505828, 27.40953243, 28.0805964 , 29.58816046,
       30.19887697, 27.24856938, 29.3042015 , 27.34549737, 31.50580003,
       29.81024072, 43.54314206, 29.02067044, 30.99248469, 28.92486602,
       27.53732554, 28.1062118 , 30.11496895, 30.47653069, 30.41145763,
       27.59046577, 30.60290011, 49.60123687, 28.80002096, 30.4283084 ,
       47.46807117, 28.0757811 , 27.56800643, 32.95115168, 31.24554067,
       30.94919138, 28.2480296 , 30.18719094, 28.63480787, 31.25212658,
       42.24818783, 28.01348067, 28.34239163, 31.10922695, 28.67455558,
       28.40684819, 28.518675  , 28.14047849, 29.38945309, 29.69918204,
       25.59451256, 28.54007201, 27.6765576 , 31.47445621, 28.56251615])]
WW_fc:['[m3/m3]', 'cal', [0.29, 0.35], 0.325, 0.017, array([0.34942433, 0.34712745, 0.33224428, 0.32196253, 0.29000109,
       0.33025249, 0.29228608, 0.30601057, 0.30867643, 0.29030629,
       0.33861115, 0.3246201 , 0.34857223, 0.29024074, 0.33051953,
       0.31012088, 0.31479058, 0.34101655, 0.32569226, 0.33277029,
       0.3300199 , 0.32832019, 0.33305392, 0.30464528, 0.33412614,
       0.33648023, 0.30750014, 0.32529991, 0.32129309, 0.3319257 ,
       0.32015154, 0.31676609, 0.32111552, 0.33283891, 0.32293841,
       0.32989416, 0.33400516, 0.32797114, 0.32550422, 0.33920624,
       0.33891583, 0.32140453, 0.29025026, 0.30493996, 0.30101746,
       0.33512669, 0.33165204, 0.29509231, 0.33528825, 0.32629817,
       0.34620647, 0.31120447, 0.34301178, 0.33129887, 0.31724209,
       0.31262596, 0.34510723, 0.32133874, 0.34078621, 0.29967058,
       0.31839537, 0.29000564, 0.32621111, 0.32692244, 0.32067121,
       0.34057139, 0.33166804, 0.31742432, 0.3106633 , 0.31052465,
       0.34129459, 0.30932398, 0.29001948, 0.32876381, 0.310008  ,
       0.29000291, 0.3362625 , 0.33935402, 0.29277144, 0.30138267,
       0.30724791, 0.33050087, 0.31392474, 0.32722209, 0.3145569 ,
       0.29000476, 0.33271867, 0.32861161, 0.30466539, 0.3269419 ,
       0.32882855, 0.3333273 , 0.33069246, 0.32124631, 0.31963845,
       0.34924541, 0.32987774, 0.34110693, 0.29962103, 0.32921878])]
WW_w:['[m3/m3]', 'cal', [0.06, 0.12], 0.095, 0.004, array([0.09856089, 0.10025268, 0.09412493, 0.11242282, 0.1087779 ,
       0.09984482, 0.11872667, 0.09557466, 0.09079177, 0.11897033,
       0.09574905, 0.09464368, 0.11040372, 0.11945708, 0.09367677,
       0.09406682, 0.09474809, 0.10269116, 0.09882179, 0.0894194 ,
       0.09822099, 0.09930161, 0.11711071, 0.09260491, 0.09458973,
       0.09718036, 0.09343467, 0.09878924, 0.09753368, 0.09675155,
       0.09695924, 0.09654568, 0.09722559, 0.09698112, 0.09174043,
       0.09351793, 0.10125937, 0.09861658, 0.09718494, 0.09603718,
       0.09877391, 0.0972996 , 0.11901848, 0.09257466, 0.0872117 ,
       0.09767056, 0.10301001, 0.11997646, 0.09478699, 0.09499605,
       0.09765971, 0.09383303, 0.10039281, 0.0938754 , 0.09230026,
       0.09497199, 0.10347891, 0.09521953, 0.09929933, 0.09059068,
       0.09667719, 0.11766006, 0.09898975, 0.11533702, 0.09109285,
       0.10249744, 0.10021122, 0.09483561, 0.09435822, 0.09419599,
       0.10329486, 0.09383974, 0.11859658, 0.09942753, 0.08957577,
       0.11196078, 0.10466439, 0.09888926, 0.08935226, 0.08816586,
       0.09277672, 0.09558946, 0.09514463, 0.09526887, 0.09866871,
       0.1180399 , 0.09425276, 0.09322729, 0.09249614, 0.09447016,
       0.09845502, 0.10108512, 0.09347806, 0.09752094, 0.09963484,
       0.10444346, 0.09846421, 0.10299244, 0.08930391, 0.09957348])]
rho_st:['[mm/h]', 'fix', ['/', '/'], 0.4, '/']
Kc0:['[-]', 'cal', [0.0, 1.0], 0.273, 0.007, array([0.28190432, 0.28156841, 0.28298619, 0.20598295, 0.10052439,
       0.28336941, 0.11474515, 0.28480345, 0.2934201 , 0.10031269,
       0.28251985, 0.28301462, 0.30318898, 0.09976305, 0.28308812,
       0.28478221, 0.28413204, 0.2825989 , 0.28391641, 0.23164406,
       0.28409316, 0.28350473, 0.17297631, 0.28525236, 0.28281312,
       0.27488468, 0.28504507, 0.28421539, 0.28410325, 0.28270737,
       0.28408683, 0.28627507, 0.28399361, 0.28264645, 0.28368398,
       0.28313643, 0.28335315, 0.2296008 , 0.28310639, 0.28282636,
       0.28246633, 0.28397054, 0.10035047, 0.28516746, 0.27657506,
       0.28256908, 0.29226024, 0.13063684, 0.28267735, 0.28287221,
       0.28192214, 0.28449217, 0.27093798, 0.28302821, 0.28026835,
       0.28468699, 0.28124312, 0.28452442, 0.28234146, 0.28535111,
       0.28429771, 0.11046734, 0.2837901 , 0.17325636, 0.28384182,
       0.2816722 , 0.28326578, 0.28366586, 0.28483181, 0.28480106,
       0.28290636, 0.28484804, 0.09837059, 0.28348288, 0.27599982,
       0.09976757, 0.29218989, 0.28239537, 0.23148463, 0.28464304,
       0.28487071, 0.2753691 , 0.28450954, 0.28336627, 0.23914526,
       0.11649072, 0.28296213, 0.28333145, 0.28518897, 0.27527604,
       0.30432863, 0.28340538, 0.28296174, 0.284104  , 0.292964  ,
       0.30314373, 0.28290489, 0.28276293, 0.28549511, 0.28349487])]
