A:[0.3, 'cal', [0.01, 1.0], 0.329, 0.033, array([0.35828645, 0.39530496, 0.36564834, 0.3478879 , 0.34424158,
       0.36583353, 0.35482482, 0.33828906, 0.58106371, 0.36855634,
       0.33516479, 0.34029591, 0.34872945, 0.37526568, 0.32512116,
       0.42920794, 0.37262091, 0.35987585, 0.39713526, 0.35467328,
       0.37165335, 0.35626426, 0.37576339, 0.33458411, 0.45062025,
       0.33938002, 0.40502508, 0.37548414, 0.37459123, 0.51500857,
       0.36401165, 0.34694252, 0.3580506 , 0.73342677, 0.36842572,
       0.36365942, 0.35519766, 0.35269235, 0.33853925, 0.35487006,
       0.3491306 , 0.33554228, 0.34792322, 0.36877108, 0.45731286,
       0.36661536, 0.34334247, 0.35815499, 0.49417677, 0.32379462,
       0.4013688 , 0.46627658, 0.34122862, 0.33881471, 0.39310789,
       0.32097143, 0.4272598 , 0.38368831, 0.32595509, 0.34516035,
       0.34777583, 0.35286866, 0.36513065, 0.38661808, 0.36336939,
       0.34338235, 0.33331418, 0.4316939 , 0.34152869, 0.31747637,
       0.38789805, 0.44451579, 0.37895107, 0.3365374 , 0.35557276,
       0.33180068, 0.3267759 , 0.33356745, 0.40328246, 0.36241685,
       0.47974753, 0.36805415, 0.36707277, 0.36611776, 0.34070706,
       0.40123553, 0.36847026, 0.34795533, 0.3374131 , 0.32659984,
       0.32966321, 0.35538883, 0.37022288, 0.42395199, 0.35896065,
       0.37397785, 0.46197947, 0.36582686, 0.33711289, 0.37694968])]
B:[1.5, 'cal', [0.1, 3.0], 0.56, 0.207, array([0.81395804, 0.48196733, 0.69414043, 0.80833303, 0.7890763 ,
       0.5934498 , 0.63175901, 0.81041385, 0.25482263, 0.5688645 ,
       0.87485336, 0.80230051, 0.77436687, 0.55791912, 1.14096874,
       0.42508078, 0.66059007, 0.64012056, 0.48471423, 0.70359659,
       0.5735315 , 0.66509285, 0.60844369, 0.88107778, 0.38704455,
       0.87127107, 0.45972405, 0.64375531, 0.66271182, 0.34103602,
       0.66775836, 0.65019002, 0.64577519, 0.17640455, 0.58429333,
       0.59847097, 0.6331712 , 0.57602589, 0.72718025, 0.6333637 ,
       0.702622  , 0.86699426, 0.78151777, 0.53216185, 0.41919668,
       0.65292511, 1.01314782, 0.74372199, 0.30268383, 0.87976203,
       0.45515844, 0.38103371, 0.83726052, 0.70049437, 0.52830431,
       0.82011602, 0.45101931, 0.60863254, 1.01399818, 0.7821314 ,
       0.73202242, 0.73562151, 0.68114958, 0.55186934, 0.61566128,
       0.78412328, 0.94655125, 0.44181836, 0.8493701 , 2.2618736 ,
       0.58068535, 0.37108678, 0.59689265, 1.09772327, 0.64708383,
       0.94560862, 0.85169104, 0.96318   , 0.53561197, 0.67102093,
       0.27975541, 0.56178493, 0.57333818, 0.58212616, 0.87277556,
       0.4764596 , 0.61913263, 0.6814951 , 0.86159957, 1.19274427,
       0.79323201, 0.75718185, 0.57172992, 0.46358994, 0.62452433,
       0.65813554, 0.35992793, 0.71055055, 0.80829152, 0.59301699])]
C:[-15, 'cal', [-30.0, -5.0], -16.59, 2.647, array([-14.19800807, -15.50948084, -15.51568654, -14.88192918,
       -16.4025695 , -14.73694541, -18.86768864, -18.98580836,
       -16.35614129, -18.07538252, -19.14011062, -13.32838454,
       -16.4553988 , -15.10834278, -17.20906919, -19.00735132,
       -16.42045446, -14.49410411, -17.2904557 , -14.10393174,
       -12.83708822, -15.26708247, -14.38178475, -19.55206838,
       -16.74985563, -20.69163815, -16.81207432, -15.43135596,
       -16.78381565, -18.41119027, -19.84228103, -13.07448891,
       -20.13101538, -19.24898466, -17.92695018, -20.13610733,
       -17.43929066, -13.93491726, -23.3006799 , -20.33240455,
       -13.92034131, -13.91523163, -15.39224977, -12.70871683,
       -14.60913319, -17.33076279, -13.30002865, -16.55666965,
       -17.82751206, -17.83343149, -21.20290833, -16.05793698,
       -15.7816927 , -11.55398077, -14.01372817, -23.53077195,
       -16.26862237, -15.31427301, -13.11989421, -17.45111314,
       -13.20344102, -13.79441307, -16.19370318, -15.21067417,
       -14.77947183, -15.35577031, -14.59846746, -15.6777871 ,
       -13.55797996, -12.34722909, -16.39596096, -21.3780205 ,
       -17.91524421, -14.73676566, -18.14107062, -22.05773343,
       -16.28069193, -16.49430279, -14.71398476, -17.12033296,
       -12.38670348, -14.66267521, -21.95752714, -18.57785115,
       -16.44890781, -14.52499331, -16.15940498, -17.62294027,
       -19.71260976, -17.17404347, -13.84613144, -15.01005263,
       -16.64016239, -18.00293949, -14.36267271, -16.82574334,
       -19.16083427, -12.97064255, -21.70802404, -16.34322699])]
D:[30, 'cal', [10.0, 100.0], 31.907, 14.775, array([26.86467321, 27.51863061, 32.2431307 , 31.60402169, 35.09791745,
       27.63902255, 47.7879815 , 55.20207331, 26.36565968, 56.4469332 ,
       59.40883442, 21.08302124, 35.22296653, 32.01673128, 53.3318453 ,
       57.52553649, 44.00162875, 37.4504762 , 49.69026451, 27.46990339,
       27.10173236, 30.25117068, 30.90536168, 52.09212773, 47.6702921 ,
       66.81139023, 45.57001984, 36.37869132, 54.81796909, 54.60668316,
       61.83388797, 24.87108168, 67.77153088, 56.99228017, 49.27077236,
       55.95201102, 54.27379241, 42.34258131, 71.24178528, 56.01964265,
       27.47411407, 24.5069226 , 31.17660582, 23.366008  , 27.7469849 ,
       48.35886779, 27.63875785, 34.68014287, 41.66270558, 50.07670378,
       62.94247012, 33.70951398, 34.57358184, 21.98163231, 23.40067881,
       80.38719475, 35.32009   , 30.90492217, 27.24683465, 43.09799411,
       25.20779152, 30.43272825, 46.07234849, 24.02612853, 26.7562235 ,
       34.66170592, 31.89037187, 29.62291942, 30.25982887, 37.46650918,
       48.38710351, 62.07323754, 58.57061041, 37.71370836, 49.8682658 ,
       65.88375495, 38.61758652, 40.31474115, 26.32967372, 37.24626864,
       29.52054175, 38.51760607, 71.53152063, 47.89884148, 35.69409488,
       29.67887941, 50.54083164, 49.10266664, 57.79358269, 50.7718667 ,
       25.38293546, 33.27535216, 35.92564607, 46.28295321, 34.64050653,
       44.61683542, 49.61679302, 32.01012594, 67.02457151, 32.72016408])]
W_max:[100, 'cal', [1.0, 100.0], 4.732, 4.076, array([ 3.91193318, 10.79529765,  4.92468991,  4.82279094,  6.30912269,
       10.87825946, 19.531858  , 10.24417769,  4.26345439, 23.26635691,
       11.15597418,  4.11530568,  5.75449148, 12.65150843,  7.52382697,
       11.69078681,  7.76339916, 14.50297227, 18.95241498,  5.37114269,
       11.85331   ,  4.65424056,  6.46644125,  8.7965244 ,  9.29020918,
        9.39254776, 18.55786913,  6.31690694, 10.31734824,  7.90412302,
       12.62941677, 15.90647915, 26.15494832, 11.79349158, 20.1677384 ,
       22.80838356, 22.23460908, 19.54720785, 30.98929287, 22.49564819,
        4.83800029,  3.81719566,  4.77710498, 11.86440998,  5.56601207,
        8.47600788,  4.3817053 ,  6.18539774, 18.34437253,  8.39287703,
       25.62657742,  3.52985088,  5.24934666,  9.23292617,  4.46485762,
       30.4126166 ,  6.4424617 ,  5.05817764,  3.67596801,  6.31827699,
        9.69203283,  6.36803285,  8.32962942,  4.36932548, 10.29903122,
        5.80110182,  4.8687596 ,  4.4075212 ,  4.12117524,  4.3233421 ,
        8.95786641, 13.86607739, 10.48378766,  5.40024511, 20.53234036,
        8.96799881,  6.44441769,  6.00708167,  4.75347631,  6.70183704,
       12.87749856,  8.10967496, 28.13098479, 19.9026654 ,  5.32042052,
       11.64259967,  9.52219688, 20.08472459,  7.90273874,  7.30808361,
       10.6867055 ,  4.91791841, 13.75708122,  9.22994689, 13.0263273 ,
        8.11973511,  9.20704412,  5.030138  ,  9.47636361,  5.45087861])]
WW_fc:[0.32, 'cal', [0.2, 0.4], 0.259, 0.052, array([0.33685782, 0.36365454, 0.31206464, 0.3084631 , 0.32602487,
       0.34197177, 0.28512192, 0.25441666, 0.38091895, 0.2265643 ,
       0.23975639, 0.39041533, 0.31982371, 0.30200527, 0.22864449,
       0.23167954, 0.2510581 , 0.24874346, 0.23821135, 0.32329608,
       0.27865681, 0.32246232, 0.29069459, 0.28229944, 0.22986992,
       0.23023083, 0.24598255, 0.27232421, 0.21021199, 0.22663968,
       0.23632723, 0.32123097, 0.21901834, 0.22978827, 0.25538468,
       0.26442208, 0.22567572, 0.21662878, 0.25544107, 0.26894338,
       0.31480095, 0.35889025, 0.32607654, 0.32790324, 0.31578888,
       0.24725101, 0.32295304, 0.33031896, 0.28945454, 0.25546015,
       0.248163  , 0.29740332, 0.30531691, 0.31378635, 0.35570503,
       0.23196032, 0.295679  , 0.3158196 , 0.28659908, 0.27789182,
       0.32861101, 0.28360565, 0.23800298, 0.39834571, 0.35585569,
       0.29091942, 0.30466642, 0.31764669, 0.26472786, 0.24053722,
       0.2249329 , 0.2516162 , 0.21270403, 0.25642   , 0.26069972,
       0.25727745, 0.28886141, 0.28803832, 0.34605753, 0.31640316,
       0.23723748, 0.24252586, 0.2332089 , 0.27697099, 0.3176879 ,
       0.30197766, 0.21733122, 0.25568402, 0.25285914, 0.2497395 ,
       0.35600348, 0.29016865, 0.3141969 , 0.26780571, 0.26222329,
       0.25735615, 0.26623932, 0.2252958 , 0.24008549, 0.33015104])]
WW_w:[0.09, 'cal', [0.07, 0.17], 0.104, 0.032, array([0.07012126, 0.13523748, 0.09573076, 0.08775895, 0.13624769,
       0.11005639, 0.14879443, 0.12977938, 0.14577077, 0.11216136,
       0.12144019, 0.07044856, 0.12449039, 0.09985083, 0.16444061,
       0.12047296, 0.09485215, 0.07498069, 0.1100247 , 0.08342938,
       0.13734172, 0.09689826, 0.07674714, 0.15156151, 0.097994  ,
       0.12256183, 0.10694613, 0.08104135, 0.08603067, 0.10959522,
       0.1274339 , 0.10279907, 0.1190788 , 0.12281168, 0.12293066,
       0.14762184, 0.10537766, 0.14843062, 0.16157672, 0.15131029,
       0.07669721, 0.07131   , 0.10036839, 0.12662376, 0.08246406,
       0.10695585, 0.07015311, 0.1388151 , 0.14304973, 0.11213993,
       0.14676277, 0.11359084, 0.09601385, 0.13116058, 0.0735275 ,
       0.14710973, 0.11107228, 0.09853752, 0.1160978 , 0.12399876,
       0.07002555, 0.07047011, 0.09117226, 0.12846494, 0.11374184,
       0.09118306, 0.0768294 , 0.1213467 , 0.11369428, 0.10106506,
       0.08415806, 0.15208714, 0.0989028 , 0.11277287, 0.12946267,
       0.15086683, 0.10644683, 0.11045932, 0.09659312, 0.13522537,
       0.15988383, 0.08069626, 0.14307287, 0.14200433, 0.1191191 ,
       0.09035766, 0.08662662, 0.12220163, 0.13173349, 0.10228726,
       0.08559391, 0.07733986, 0.13379599, 0.12854915, 0.07416263,
       0.10445767, 0.13926066, 0.08812823, 0.16426854, 0.12346072])]
rho_st:[0.4, 'cal', [0.1, 0.8], 0.103, 0.044, array([0.11890999, 0.21754977, 0.11626028, 0.13803609, 0.17059856,
       0.24811002, 0.15668761, 0.10186546, 0.12685708, 0.1893954 ,
       0.1005239 , 0.19646038, 0.10988908, 0.21567624, 0.34829768,
       0.10865327, 0.11404593, 0.25755495, 0.17907524, 0.19203382,
       0.579823  , 0.14727595, 0.17073936, 0.10493658, 0.16111621,
       0.12371795, 0.19712579, 0.11281613, 0.13119656, 0.10009466,
       0.10046703, 0.56636192, 0.11112025, 0.10229164, 0.17044301,
       0.12545723, 0.19942989, 0.48962904, 0.10313713, 0.1234575 ,
       0.20553314, 0.14742954, 0.12122073, 0.59384649, 0.14859155,
       0.10020108, 0.16233025, 0.11931168, 0.19592212, 0.10495624,
       0.10964154, 0.16212902, 0.10230134, 0.69931413, 0.17335443,
       0.10032144, 0.11818505, 0.1555189 , 0.64847561, 0.24187956,
       0.2914199 , 0.22848273, 0.13531851, 0.14508715, 0.22567545,
       0.15069339, 0.10640631, 0.42685942, 0.6142532 , 0.64496598,
       0.10551493, 0.10007473, 0.11969518, 0.47489501, 0.17751959,
       0.11818992, 0.10813748, 0.10029093, 0.15200215, 0.10110113,
       0.62958044, 0.26900569, 0.11525456, 0.16396462, 0.10892058,
       0.24211105, 0.15037255, 0.19478182, 0.10497522, 0.10053781,
       0.19504476, 0.11909272, 0.16945252, 0.10844946, 0.23479277,
       0.10067588, 0.10123649, 0.66554837, 0.19080468, 0.11797287])]
Kc0:[0.5, 'cal', [0.1, 1.5], 0.169, 0.048, array([0.16764872, 0.46000729, 0.17112519, 0.17851108, 0.23939317,
       0.44618986, 0.46315989, 0.23696019, 0.17784251, 0.48411719,
       0.24105713, 0.23053828, 0.19970178, 0.42562178, 0.10840625,
       0.26961751, 0.21240695, 0.4456713 , 0.46913685, 0.23670402,
       0.45614385, 0.17306213, 0.24340041, 0.23008928, 0.24084054,
       0.13524984, 0.44762605, 0.19181667, 0.22706857, 0.16924804,
       0.25722102, 0.65535602, 0.42473092, 0.26789946, 0.45062921,
       0.4475192 , 0.4778279 , 0.77423834, 0.4507397 , 0.44714502,
       0.21406103, 0.17674641, 0.1766225 , 0.70550271, 0.2180579 ,
       0.21568635, 0.20706444, 0.22589517, 0.493744  , 0.20462527,
       0.45333206, 0.13014761, 0.16972569, 0.68381596, 0.21363827,
       0.4596982 , 0.21209901, 0.18125164, 0.10257576, 0.13536794,
       0.44073033, 0.27430582, 0.23054509, 0.21390069, 0.43715041,
       0.18791094, 0.18115236, 0.10487287, 0.10265997, 0.10012404,
       0.21435872, 0.30016285, 0.22288578, 0.1105996 , 0.47223939,
       0.1346088 , 0.20088227, 0.18431779, 0.20696008, 0.21941055,
       0.73179942, 0.27310532, 0.48132605, 0.46753242, 0.1739278 ,
       0.44053082, 0.25014234, 0.48130631, 0.16278956, 0.17523106,
       0.49602021, 0.16538026, 0.44153881, 0.25396577, 0.43070107,
       0.21750718, 0.24294296, 0.11559898, 0.10626837, 0.18451207])]
