A:[0.3, 'cal', [0.01, 1.0], 0.328, 0.031, array([0.35551486, 0.69853712, 0.35729715, 0.34519851, 0.33146009,
       0.43733477, 0.768486  , 0.42428309, 0.3554695 , 0.34615816,
       0.32443426, 0.38113034, 0.36455035, 0.34855414, 0.67986066,
       0.34330439, 0.36379209, 0.35612582, 0.33202512, 0.40894298,
       0.35270038, 0.35642106, 0.40629788, 0.33470223, 0.36435416,
       0.35918274, 0.36777241, 0.34918605, 0.34323855, 0.37220144,
       0.39393512, 0.35019988, 0.35739171, 0.36044846, 0.77482906,
       0.37295816, 0.42925092, 0.3343305 , 0.3570763 , 0.35402484,
       0.35957961, 0.38816577, 0.37622192, 0.43846995, 0.4033641 ,
       0.35413158, 0.36919395, 0.36535579, 0.37371418, 0.33945918,
       0.35633173, 0.36015857, 0.37894985, 0.35410616, 0.37792521,
       0.49988039, 0.46975503, 0.3458906 , 0.40426724, 0.4033082 ,
       0.3530054 , 0.35988922, 0.35123301, 0.34337962, 0.38189856,
       0.42728226, 0.44087392, 0.35747406, 0.41534457, 0.51906802,
       0.38533579, 0.3830985 , 0.33507227, 0.36899243, 0.36018747,
       0.36758032, 0.44478096, 0.35057737, 0.38440557, 0.35312451,
       0.39626978, 0.36489256, 0.34720216, 0.35798895, 0.3662023 ,
       0.33239676, 0.37376773, 0.35243027, 0.33815446, 0.44011243,
       0.34413367, 0.48197438, 0.44287639, 0.35042382, 0.39190509,
       0.41319563, 0.33856775, 0.36188234, 0.37720961, 0.35035885])]
B:[1.5, 'cal', [0.1, 3.0], 0.57, 0.11, array([0.65494635, 0.16854985, 0.62105679, 0.72115977, 0.71547549,
       0.39531668, 0.14831164, 0.39971391, 0.6388858 , 0.66573474,
       0.88650915, 0.5182242 , 0.55312664, 0.65380302, 0.17948883,
       0.75617164, 0.65565049, 0.61850468, 0.7102278 , 0.43017396,
       0.66460626, 0.64405144, 0.45185465, 0.75517245, 0.61626641,
       0.62452888, 0.59091507, 0.6801852 , 0.76093618, 0.54919036,
       0.48028834, 0.70277021, 0.61770242, 0.60014993, 0.14576714,
       0.55937287, 0.40561908, 0.83292046, 0.63928119, 0.68568325,
       0.62011259, 0.50165839, 0.53650888, 0.38334939, 0.44759419,
       0.65379772, 0.56926519, 0.58575412, 0.55234066, 0.76139065,
       0.62592621, 0.6200621 , 0.53525579, 0.64670005, 0.53111824,
       0.30567046, 0.32854056, 0.66376161, 0.46271261, 0.45978777,
       0.64736377, 0.61813313, 0.63432375, 0.69523142, 0.50128046,
       0.40142134, 0.37384955, 0.63389744, 0.42609811, 0.27573048,
       0.50643621, 0.51051156, 0.81039605, 0.59024612, 0.61460474,
       0.63614946, 0.37511433, 0.6601893 , 0.51980779, 0.63616094,
       0.47162593, 0.5805153 , 0.67903405, 0.65652179, 0.60300269,
       0.73896858, 0.55047602, 0.64169304, 0.79576195, 0.37666033,
       0.72976606, 0.31099321, 0.37291571, 0.61656851, 0.48753192,
       0.42886871, 0.72122886, 0.59534483, 0.55478503, 0.62288684])]
C:[-15, 'cal', [-30.0, -5.0], -14.097, 0.521, array([-14.28961502, -13.87346774, -14.30295211, -14.15462971,
       -14.10631545, -13.84597263, -13.84554179, -13.76294979,
       -14.79797838, -15.79945324, -13.70456638, -13.26779112,
       -14.23923829, -14.46837326, -13.97446873, -14.03168411,
       -12.81742615, -13.69773868, -14.8376287 , -14.0400313 ,
       -14.74895373, -13.35264936, -13.4978402 , -13.82667654,
       -13.91419509, -14.0630554 , -13.42222949, -14.02257247,
       -13.57160259, -14.1302277 , -14.27581976, -13.85377427,
       -14.54457952, -13.87400594, -14.66499186, -14.92041011,
       -13.7119189 , -14.38331823, -13.79545511, -13.5887671 ,
       -14.90489705, -13.6554103 , -13.58224146, -13.98757034,
       -14.15368957, -14.12389547, -13.22245743, -14.88891368,
       -14.50842636, -13.45897221, -15.45778111, -13.66636433,
       -13.75477912, -14.05125286, -15.26371569, -13.53680543,
       -13.98242148, -14.3664153 , -13.40022042, -14.78598662,
       -14.3666168 , -14.27979002, -13.63928137, -13.45077691,
       -13.33415885, -14.56223016, -13.77359715, -13.82736009,
       -13.89567428, -14.36022353, -13.90379519, -15.12289737,
       -13.79766137, -14.89948699, -14.28157683, -13.62368996,
       -14.26439825, -14.05775634, -13.55301615, -13.8891309 ,
       -15.09337807, -15.5502041 , -13.73963864, -13.9275377 ,
       -13.52351394, -14.84472478, -13.13463262, -15.11388363,
       -14.38193244, -14.15640561, -13.68353924, -14.28874475,
       -13.57356338, -13.93505752, -14.79435138, -13.06646816,
       -15.07701926, -13.84182365, -13.3637084 , -14.85711936])]
D:[30, 'cal', [10.0, 100.0], 26.601, 3.2, array([27.86735885, 22.89837751, 26.82340562, 28.73499246, 27.18396434,
       25.85198091, 24.4583699 , 25.52528803, 29.98160663, 36.6391147 ,
       30.62433276, 23.07616232, 28.32002083, 27.56560854, 24.00368007,
       28.69139424, 24.74259484, 25.86561823, 30.55966373, 27.69415656,
       30.82639748, 26.81541966, 24.14293174, 27.349014  , 26.64125538,
       27.2969712 , 25.20078458, 27.0546168 , 26.88629654, 29.82057322,
       27.94794728, 27.68419688, 31.3731344 , 26.56062559, 26.36672508,
       33.16912405, 25.43338822, 33.17594259, 24.97188232, 29.36676386,
       32.8652965 , 26.64127634, 25.68304179, 24.26280877, 28.17093599,
       27.23353538, 23.56739136, 30.68248873, 29.14124216, 27.05879562,
       34.4084928 , 25.8706633 , 28.14564179, 30.09311919, 31.95088165,
       23.9460336 , 25.5234633 , 30.69766344, 23.89646495, 30.31229373,
       29.62215177, 28.12237343, 25.64518122, 26.96154363, 23.03153612,
       27.58618856, 25.12031192, 26.74253477, 24.61095755, 25.87701282,
       28.57644485, 32.10211549, 25.93605795, 31.37456384, 30.06525515,
       28.82662409, 28.99438514, 29.03549511, 23.62119077, 29.52286689,
       30.02382688, 35.40646788, 28.17149059, 29.92097939, 24.2470665 ,
       32.07603715, 23.70375706, 32.58836182, 29.24793993, 27.86037692,
       25.90810319, 27.36770894, 25.15154408, 28.56483294, 31.10021425,
       23.71032987, 31.60840378, 26.23760327, 27.45395135, 30.6674334 ])]
W_max:[100, 'cal', [1.0, 30.0], 10.737, 1.322, array([11.21339333,  9.64327744, 10.91305727, 11.47242572, 10.82139989,
       11.17254737, 10.59293748, 10.46195024, 13.32855769, 16.61420012,
       11.90950667, 10.01752973, 11.30156155, 11.07624745, 10.06477895,
       11.55524222,  9.77880413, 10.48283171, 12.43159275, 11.78627642,
       12.61998521, 11.09882437, 10.1851249 , 11.74465844, 10.88654495,
       10.97143256, 10.19094286, 11.55623366, 11.02462504, 13.66716202,
       11.60010332, 11.16131086, 14.33884013, 11.01411276, 11.720322  ,
       13.98120999, 10.73034421, 13.08124449, 11.19546509, 11.86865585,
       13.77349794, 10.98305693, 10.69832252, 10.25715754, 11.36808584,
       10.91824389,  9.64441759, 13.29467193, 11.91866659, 10.59806407,
       15.09130721, 11.04694176, 11.70345167, 12.2591004 , 14.25271408,
        9.90048826, 11.25887494, 13.7428993 , 10.20334961, 13.98957864,
       13.53195178, 11.04704438, 10.69964834, 10.9911579 ,  9.51105742,
       11.46949416, 10.21335789, 10.80273331, 10.36233884, 11.17936804,
       11.69931467, 13.94262927, 10.47428284, 12.80373653, 12.24746193,
       11.40763451, 12.20463008, 13.24482572,  9.96217911, 11.91956002,
       13.20048214, 15.4462886 , 11.70941543, 11.74759504,  9.70172119,
       14.46185284,  9.58746167, 14.33004248, 11.71213987, 11.44087279,
       10.52984583, 11.26413966, 10.63267471, 11.85286614, 12.98575983,
        9.93810384, 13.6966581 , 11.33687161, 10.81856093, 12.68105173])]
WW_fc:[0.32, 'cal', [0.29, 0.35], 0.316, 0.019, array([0.33205377, 0.34394042, 0.3438135 , 0.32450305, 0.33558198,
       0.32160058, 0.31713802, 0.32310052, 0.32504532, 0.29266455,
       0.29553247, 0.34188852, 0.31379268, 0.34138462, 0.33224151,
       0.31993163, 0.31786378, 0.33159337, 0.32229632, 0.30843428,
       0.31611053, 0.3083016 , 0.33263929, 0.32714627, 0.33267064,
       0.33068656, 0.32823852, 0.33278171, 0.32330262, 0.2953104 ,
       0.31786085, 0.32275644, 0.29805998, 0.32385837, 0.32404051,
       0.29397909, 0.31969779, 0.2918515 , 0.3462036 , 0.29613512,
       0.2942979 , 0.31173051, 0.32363094, 0.34787564, 0.30803466,
       0.33512674, 0.33942876, 0.31538677, 0.3174864 , 0.31803035,
       0.30189906, 0.32905184, 0.30141072, 0.29848423, 0.31107162,
       0.32833324, 0.32081406, 0.30052243, 0.33195173, 0.30620395,
       0.31196808, 0.32879461, 0.33190355, 0.31297957, 0.34767301,
       0.32626486, 0.32512724, 0.32841686, 0.34146245, 0.33033381,
       0.29820584, 0.30493098, 0.34734794, 0.31004337, 0.3045363 ,
       0.30202836, 0.29906745, 0.30802267, 0.34456138, 0.29822271,
       0.32252899, 0.29249381, 0.30955772, 0.30098245, 0.34691236,
       0.30829151, 0.33204219, 0.3078957 , 0.32937095, 0.30727878,
       0.33683276, 0.31451812, 0.31642591, 0.3056086 , 0.30270978,
       0.31875043, 0.32028211, 0.32909659, 0.3001042 , 0.31590631])]
WW_w:[0.09, 'cal', [0.06, 0.12], 0.087, 0.015, array([0.10298071, 0.08827423, 0.10638384, 0.10057602, 0.09834389,
       0.08435129, 0.07822947, 0.08156368, 0.11348231, 0.11834875,
       0.08041214, 0.07293807, 0.09200684, 0.10868784, 0.08775549,
       0.09423911, 0.0619602 , 0.08620926, 0.11085643, 0.08683775,
       0.10862066, 0.07055731, 0.07683254, 0.09198875, 0.09645446,
       0.09731819, 0.0774445 , 0.09413245, 0.08147225, 0.08561593,
       0.09648554, 0.09094668, 0.09618626, 0.08774443, 0.10428016,
       0.10401224, 0.07822058, 0.09313104, 0.08903391, 0.07725976,
       0.09803024, 0.07883323, 0.08162568, 0.09670062, 0.08975954,
       0.10030921, 0.07217567, 0.1092195 , 0.10169061, 0.07753728,
       0.1184159 , 0.08380556, 0.07981742, 0.08601863, 0.11490023,
       0.07791333, 0.08537624, 0.09200007, 0.07119579, 0.10307046,
       0.09780521, 0.10385236, 0.08316452, 0.07300218, 0.07881925,
       0.10468802, 0.08277691, 0.08922249, 0.09265474, 0.10122211,
       0.07997045, 0.10983478, 0.09531422, 0.10866809, 0.09306089,
       0.07848378, 0.08831138, 0.0903592 , 0.07665231, 0.08131613,
       0.11668733, 0.11487114, 0.08056301, 0.08705239, 0.08392941,
       0.10698304, 0.06787391, 0.11137927, 0.10643336, 0.08762125,
       0.08654139, 0.09403705, 0.07676213, 0.08236484, 0.10209052,
       0.06066908, 0.11604779, 0.08631689, 0.07118946, 0.10795977])]
rho_st:[0.4, 'cal', [0.3, 0.5], 0.3, 0.005, array([0.3033898 , 0.3152683 , 0.3105634 , 0.30303527, 0.31670438,
       0.31680044, 0.31179855, 0.30851629, 0.30114519, 0.30170596,
       0.3044291 , 0.34904194, 0.30105887, 0.30026607, 0.31353653,
       0.30690578, 0.35498507, 0.33367807, 0.30000533, 0.32933392,
       0.30043702, 0.30510391, 0.32915241, 0.30055184, 0.31642068,
       0.3152948 , 0.31798315, 0.30007849, 0.33063087, 0.36549554,
       0.30682525, 0.32176592, 0.34225887, 0.32282583, 0.30015621,
       0.30003247, 0.30238379, 0.30098002, 0.30232684, 0.32693405,
       0.3027122 , 0.33715181, 0.36220704, 0.32316693, 0.30711522,
       0.30911513, 0.33293291, 0.30648476, 0.30004948, 0.31314203,
       0.30049112, 0.31747898, 0.33380979, 0.3112945 , 0.30019093,
       0.32810414, 0.31744805, 0.33168348, 0.30638543, 0.31795381,
       0.35277089, 0.30380554, 0.32153796, 0.30250885, 0.353408  ,
       0.30171175, 0.31974864, 0.30628584, 0.32970458, 0.30344695,
       0.32706933, 0.30063465, 0.30784748, 0.30013335, 0.30155997,
       0.30320263, 0.31201181, 0.36755982, 0.3041894 , 0.30782426,
       0.30480907, 0.3005732 , 0.32064732, 0.30023298, 0.31259843,
       0.30703039, 0.33561439, 0.3018089 , 0.30026902, 0.30479798,
       0.30011136, 0.3022955 , 0.35736453, 0.31238519, 0.30037277,
       0.34937104, 0.30028504, 0.30333316, 0.32888214, 0.30007182])]
Kc0:[0.5, 'cal', [0.5, 1.5], 0.5, 0.001, array([0.50170693, 0.500846  , 0.5033824 , 0.50111118, 0.50239598,
       0.50080154, 0.50030108, 0.50002169, 0.50112264, 0.52060716,
       0.50182297, 0.5003313 , 0.50170962, 0.5030341 , 0.50029552,
       0.50137662, 0.5004315 , 0.50001503, 0.50948775, 0.50260192,
       0.50773242, 0.50067797, 0.50017952, 0.50963724, 0.50145513,
       0.5039337 , 0.50301031, 0.5081128 , 0.50078831, 0.50058925,
       0.50101313, 0.50005274, 0.50280588, 0.50267206, 0.50549211,
       0.51811608, 0.50001007, 0.50043228, 0.5001154 , 0.50034975,
       0.50063297, 0.50054737, 0.50979465, 0.50028412, 0.50220861,
       0.50020699, 0.50087028, 0.50082598, 0.50164603, 0.50257845,
       0.52287865, 0.50049831, 0.50096693, 0.50192979, 0.51124287,
       0.50012407, 0.50489888, 0.50114647, 0.50006494, 0.51135449,
       0.50669958, 0.51442667, 0.50009659, 0.50087065, 0.50043772,
       0.5019085 , 0.50263025, 0.50655546, 0.50247629, 0.50006251,
       0.5002258 , 0.50282101, 0.50004886, 0.50675556, 0.50009432,
       0.50066111, 0.50006011, 0.50053715, 0.50000909, 0.50881756,
       0.50041721, 0.51913745, 0.50039186, 0.50036027, 0.5010684 ,
       0.50131398, 0.50283261, 0.50762234, 0.50286767, 0.50164546,
       0.50023991, 0.50207673, 0.5008143 , 0.50035485, 0.51099968,
       0.50240411, 0.50202258, 0.50231504, 0.50129633, 0.50883906])]
