index,A,B,C,D,W_max,WW_fc,WW_w,rho_st,Kc0
Guess/fix value,0.3,1.5,-15,30,100,0.32,0.08,0.02,0.04
Cal/fix,cal,cal,cal,cal,cal,cal,cal,cal,cal
Bounds,"[0.01, 1.0]","[0.1, 3.0]","[-30.0, -5.0]","[10.0, 100.0]","[1.0, 150.0]","[0.3, 0.5]","[0.01, 0.15]","[0.0, 0.03]","[0.0, 0.06]"
Mean,0.347,0.727,-16.642,27.703,3.125,0.343,0.108,0.031,0.005
St.dev.,0.018,0.079,0.818,5.515,1.012,0.041,0.033,0.003,0.0
Values,"[0.38940006 0.36138363 0.33617027 0.35095497 0.37028715 0.35696037
 0.35809398 0.34925971 0.3632712  0.3665182  0.37884061 0.35505612
 0.36810952 0.37790517 0.36840611 0.37331934 0.51432933 0.38926957
 0.36788131 0.36003749 0.35121591 0.3684488  0.35502661 0.40452727
 0.36674045 0.32085428 0.36377996 0.37170813 0.35668124 0.35341135
 0.36914171 0.63736841 0.36727683 0.35000665 0.38397442 0.40676607
 0.34774743 0.3717353  0.46424073 0.36268005 0.35387752 0.34149672
 0.35757672 0.3356263  0.42917675 0.44094431 0.35226189 0.35911761
 0.34917622 0.36834636]","[0.62188838 0.77866597 0.87538359 0.823954   0.72599661 0.79658236
 0.78020458 0.82769135 0.76321117 0.6898514  0.65300385 0.82176278
 0.74644388 0.6688065  0.71174174 0.70761264 0.34101168 0.61219962
 0.72149081 0.78178548 0.90533882 0.70821369 0.80309102 0.60607802
 0.72031723 0.96531474 0.74927895 0.70817693 0.78895985 0.80865842
 0.71859714 0.25836114 0.77296299 0.86894967 0.60887995 0.56799811
 0.82169437 0.72288217 0.44050109 0.7550334  0.84512238 0.76392127
 0.79458807 0.98471099 0.45403205 0.51583651 0.69223883 0.76782634
 0.87122059 0.71484756]","[-18.68006295 -16.3540724  -13.93719057 -17.94726437 -16.7875926
 -15.80447924 -16.43256262 -16.77726259 -16.20500176 -14.42267509
 -15.82988069 -16.37198081 -15.22101889 -14.03552744 -16.42342364
 -16.49786731 -17.35473439 -15.2754273  -15.643945   -16.48321457
 -19.33999557 -16.78123106 -15.24986866 -15.31979136 -17.4015522
 -19.81640814 -17.0836073  -16.71901254 -16.34295237 -16.17137437
 -16.94630041 -17.51154567 -16.27236867 -15.897772   -19.84440234
 -17.89588622 -19.47270762 -17.47602443 -16.6338994  -15.8186284
 -15.02936289 -19.33472866 -16.22785596 -14.85942256 -13.82822389
 -14.3602307  -18.71365    -18.93307489 -16.49623751 -15.60253848]","[42.47623902 31.41909012 18.37231067 38.18012761 33.59550875 26.40335429
 28.14840055 27.82264309 29.64761375 23.65133422 21.44599087 32.81385226
 29.73112651 18.3778363  26.96315355 32.29308468 31.45710195 27.977865
 28.76291119 29.81101288 48.04731146 30.01523706 22.84505466 26.33269318
 36.51379716 40.99318348 35.8485189  30.89828922 29.38145274 27.71758441
 32.75029399 31.33589965 34.90832101 29.13667623 48.1413977  37.87424698
 44.16832129 37.44704908 29.20407633 26.97917131 27.59091623 45.82480042
 31.20457528 22.92417307 22.54468226 23.39554544 43.51055292 45.11890563
 32.9863615  24.07561836]","[ 5.92820341  3.92208984  2.32616116  4.7807619   4.25610526  3.33077379
  3.49823076  3.33367318  3.68733698  3.04096838  2.78077595  4.15970877
  3.88159207  2.34298479  3.38598774  4.21861291  4.29755501  4.79655176
  3.92715424  3.79115359  6.38065076  3.88677114  2.86439586  3.98170494
  4.95957142  3.87439891  4.64811932  3.99140496  3.64698288  3.47947749
  4.13978188  3.21696461  4.54122036  3.62484406  9.15691906  4.9558834
  5.87521784  4.69749727  3.87892967  3.41615489  3.22674095 16.24805428
  3.86066113  2.8151641   3.08496092  3.10379003  7.99036597  6.01569447
  4.22863871  3.11904459]","[0.31202765 0.35555034 0.48657044 0.33796111 0.34215611 0.40479916
 0.39935971 0.42099338 0.36989278 0.38408696 0.49329537 0.3430713
 0.33937754 0.4751651  0.41537746 0.34557902 0.36196653 0.35511348
 0.36416217 0.38070022 0.30459565 0.38363802 0.44491391 0.3641022
 0.33160825 0.35593177 0.33190821 0.37583237 0.38026701 0.39882179
 0.35656377 0.35968584 0.31557526 0.37516463 0.30168109 0.32777965
 0.32515828 0.32532565 0.37345819 0.39404398 0.36292051 0.31303133
 0.35345039 0.4375696  0.37083761 0.37268317 0.31326575 0.30554575
 0.35206704 0.43034496]","[0.12759083 0.09342461 0.04108322 0.12550055 0.09959177 0.09690591
 0.11512102 0.13009842 0.09526331 0.04115194 0.13937389 0.0882545
 0.06609464 0.04779124 0.12374506 0.09486989 0.12988321 0.07788538
 0.0872472  0.11106888 0.14285093 0.12060131 0.09400765 0.0392702
 0.10996872 0.14834621 0.10825265 0.12186423 0.10412363 0.10819516
 0.11205252 0.12976132 0.07782526 0.09201479 0.14723548 0.12809837
 0.14110649 0.110167   0.11624928 0.09759201 0.06219165 0.1499633
 0.08919095 0.06937958 0.0579447  0.03173398 0.14024936 0.12680616
 0.103243   0.1024277 ]","[0.03279441 0.00798215 0.01562093 0.03082384 0.022459   0.00706873
 0.0327087  0.03084432 0.03135661 0.00417007 0.00988901 0.0148757
 0.01988657 0.01839519 0.03040506 0.03227682 0.02107049 0.01212328
 0.01512794 0.03116716 0.0247349  0.01968157 0.0214566  0.03222517
 0.02978856 0.03320558 0.02891915 0.01532925 0.02796043 0.03307924
 0.01954876 0.03125533 0.03210749 0.03284695 0.01198955 0.03142539
 0.03030741 0.03164845 0.01314172 0.02956047 0.00759579 0.02903856
 0.02676566 0.01264718 0.02203057 0.02957422 0.03082472 0.03326819
 0.02629595 0.03311282]","[0.00534373 0.00502799 0.00534237 0.00505453 0.00498902 0.00520994
 0.00501079 0.00482122 0.0049081  0.00523254 0.00568208 0.00498802
 0.0053879  0.00532412 0.00513143 0.00503792 0.00542184 0.0069592
 0.00571757 0.00518809 0.00571416 0.00532473 0.00524685 0.00501113
 0.00531429 0.00363021 0.00525624 0.00542602 0.00498981 0.00510123
 0.00511468 0.00402059 0.0049504  0.00506635 0.00792448 0.00527447
 0.00515064 0.00503331 0.00541554 0.00518321 0.0048831  0.01307122
 0.00488278 0.00504626 0.0063218  0.00501432 0.00788779 0.0052361
 0.00531647 0.00525198]"
