A:[0.3, 'cal', [0.0, 1.0], 0.16, 0.032, array([0.20104327, 0.177367  , 0.78363357, 0.19967716, 0.18519508,
       0.18472416, 0.21730902, 0.18657319, 0.16421787, 0.1813568 ,
       0.1811312 , 0.24950739, 0.20219645, 0.5147236 , 0.20874601,
       0.29417876, 0.18075217, 0.19034961, 0.2033437 , 0.82743259,
       0.23472433, 0.28167577, 0.18334511, 0.18207258, 0.19753549,
       0.34984925, 0.17654141, 0.17914487, 0.19054941, 0.16303423,
       0.49789707, 0.17197099, 0.17722035, 0.16413973, 0.17696565,
       0.17790994, 0.20972376, 0.32913184, 0.1937118 , 0.84380462,
       0.1883515 , 0.19672748, 0.20110668, 0.19667452, 0.35836078,
       0.19687884, 0.18331999, 0.18083242, 0.18683353, 0.18746927,
       0.19424434, 0.17635459, 0.18154199, 0.1741228 , 0.18875691,
       0.17743643, 0.19511418, 0.18580893, 0.28117662, 0.1972409 ,
       0.19486646, 0.19814462, 0.17811233, 0.32529388, 0.18733928,
       0.19271472, 0.43417442, 0.19822038, 0.1789541 , 0.57081908,
       0.58107824, 0.20306876, 0.20125532, 0.23092741, 0.18090976,
       0.32075374, 0.17971667, 0.69310364, 0.17704165, 0.22548605,
       0.15973795, 0.43348438, 0.17617643, 0.46535355, 0.19719748,
       0.19885218, 0.17553356, 0.21924212, 0.18240137, 0.20272988,
       0.26918059, 0.18191798, 0.1783789 , 0.3176782 , 0.17065638,
       0.19909359, 0.22099926, 0.17954473, 0.2852245 , 0.18923656])]
B:[1.5, 'cal', [0.0, 3.0], 0.879, 0.965, array([0.72798431, 2.33123228, 0.09434208, 1.20370441, 1.8831096 ,
       1.29424123, 0.48652461, 0.8003412 , 1.78235478, 1.84427874,
       1.93665299, 0.41281816, 2.23944928, 0.12762649, 1.11893369,
       0.31402568, 1.23992914, 1.33758375, 0.82946205, 0.08421994,
       0.50461761, 0.36620672, 0.76621532, 1.67547684, 1.35074546,
       0.2397702 , 2.07618626, 2.25602737, 1.10971788, 1.92452526,
       0.15749707, 1.82341973, 1.12993683, 1.10527562, 2.11464447,
       1.9465566 , 0.71984779, 0.25415577, 1.76268338, 0.06611314,
       2.21718918, 2.26972861, 0.76296871, 0.90400249, 0.2374228 ,
       0.973469  , 1.38561978, 1.99720049, 1.67964735, 1.45313834,
       0.68862762, 2.14439269, 2.40615631, 1.45919473, 2.53117055,
       1.60815214, 2.92436962, 0.94706859, 0.38005614, 1.50218549,
       1.4039179 , 1.02576769, 1.56944083, 0.24110317, 1.31449312,
       1.0872512 , 0.14536439, 2.41545867, 2.47958436, 0.11904982,
       0.1243944 , 0.98983072, 0.97874696, 0.47272113, 2.09382421,
       0.26615389, 2.71199383, 0.10736951, 2.15581388, 0.55862439,
       2.19297229, 0.17871648, 2.24536576, 0.18056938, 1.75007997,
       1.69975747, 2.06556982, 0.50511318, 1.58240983, 0.76275836,
       0.40973599, 1.49082595, 1.45505451, 0.29034062, 1.66519205,
       1.13818909, 0.6657387 , 1.89951797, 0.34932488, 1.07492778])]
C:[-15, 'cal', [-30.0, -5.0], -18.606, 1.061, array([-18.14341573, -18.16780768, -24.79223881, -18.39608037,
       -18.54622044, -17.82013499, -17.88937495, -18.02792063,
       -18.84010436, -19.51185291, -17.66294308, -18.39945081,
       -16.21237448, -19.28502449, -17.23687899, -17.35954184,
       -18.525984  , -28.3649619 , -18.31240759, -16.89957056,
       -17.62795937, -17.23340623, -17.98435566, -17.85687814,
       -16.63562541, -20.78953902, -17.9766502 , -16.77272509,
       -17.68963995, -17.87863768, -16.88085413, -18.07538602,
       -18.89783833, -19.48999037, -17.27165263, -18.10462006,
       -18.06898498, -18.06891458, -19.319898  , -19.82902403,
       -19.01275303, -17.0210985 , -19.14267259, -17.18662879,
       -18.65957634, -17.64069987, -17.8465822 , -18.32965665,
       -17.33346714, -18.16320306, -17.09962588, -17.84351719,
       -15.88385684, -18.78821186, -15.94149132, -17.9535984 ,
       -22.95667133, -18.07432489, -18.99739369, -16.80625835,
       -17.7190926 , -16.52842339, -17.92401532, -18.53863372,
       -16.7777067 , -17.7281887 , -20.14309292, -19.83052025,
       -19.96061893, -19.0010765 , -17.78492769, -18.66336114,
       -18.19063041, -17.58752029, -19.65639216, -18.57872576,
       -17.0340546 , -17.91642765, -19.1363704 , -17.25317864,
       -18.74444708, -22.66875374, -18.53710303, -19.26778692,
       -17.03769067, -16.58752897, -18.15343364, -18.52167991,
       -17.6757268 , -19.17300111, -17.44833116, -17.58083226,
       -17.52593187, -18.66453913, -18.68765413, -17.18725806,
       -17.78125415, -15.96858143, -17.05668269, -18.47345975])]
D:[30, 'cal', [10.0, 100.0], 27.354, 5.01, array([24.9560542 , 31.27761636, 36.29475655, 28.95326233, 38.15747387,
       35.3615148 , 23.60274304, 27.65108968, 30.38276045, 39.3253588 ,
       28.24460903, 25.21921191, 31.00670989, 29.94010304, 29.58674859,
       22.19597683, 35.3754701 , 52.82413814, 27.02592639, 17.72271038,
       26.73204087, 21.76979802, 23.34435631, 32.24837698, 30.0310608 ,
       29.81529821, 33.81111151, 31.43193434, 25.75810067, 33.67627795,
       20.99667391, 37.4293231 , 37.41509569, 25.27768331, 29.01355319,
       38.05852865, 28.10959444, 25.86934346, 37.09994869, 25.32610522,
       37.93112392, 32.39654303, 34.49268689, 22.75520693, 25.73198912,
       29.81283983, 27.83166539, 30.45410884, 26.81404538, 30.42565865,
       27.05167451, 33.55989594, 33.37786481, 29.73277567, 25.62362438,
       28.37735311, 58.94089166, 36.19221746, 26.75056973, 33.36276496,
       31.75543251, 24.50198452, 33.6521663 , 34.53250901, 26.88277595,
       30.17077071, 26.97227719, 54.90098929, 33.83463373, 25.15079827,
       28.07436515, 33.09006371, 27.81345057, 19.8115278 , 32.71534612,
       23.39327723, 29.24542931, 18.26430698, 47.6499984 , 24.16327356,
       34.67297751, 28.22045182, 44.67107446, 27.47490221, 26.58397655,
       29.70625345, 31.80096144, 30.69225303, 33.89307946, 30.32000225,
       25.26155975, 30.28225143, 31.64011031, 28.35243202, 32.84014097,
       31.44880131, 25.54826869, 29.76575146, 26.8611905 , 30.11338552])]
W_max:[100, 'cal', [1.0, 2.0], 1.001, 0.047, array([1.02935429, 1.06891585, 1.45987676, 1.02352943, 1.12429298,
       1.06713976, 1.39195867, 1.00095909, 1.10017305, 1.26695586,
       1.50761214, 1.10495339, 1.0062822 , 1.02748548, 1.00485895,
       1.47587381, 1.03165825, 1.52033137, 1.02033937, 1.35513921,
       1.01990962, 1.11862748, 1.02117018, 1.08655616, 1.00460135,
       1.20320669, 1.01710175, 1.05215561, 1.00966511, 1.0174856 ,
       1.03747886, 1.01511388, 1.04509912, 1.08690931, 1.01423744,
       1.00631159, 1.03926893, 1.05719233, 1.20185813, 1.9021202 ,
       1.49691873, 1.00602715, 1.11809982, 1.03680308, 1.50413396,
       1.0203789 , 1.08160841, 1.07619111, 1.0244511 , 1.01597725,
       1.0055817 , 1.06385571, 1.04349382, 1.04525213, 1.00235024,
       1.02960025, 1.24879758, 1.00779339, 1.10520438, 1.00675335,
       1.04367911, 1.03495745, 1.08491458, 1.25242935, 1.00991843,
       1.0024417 , 1.38419009, 1.83902199, 1.02362381, 1.12689034,
       1.39505955, 1.07322299, 1.04471938, 1.38585443, 1.26779894,
       1.18344772, 1.21204609, 1.34244495, 1.07651603, 1.11665261,
       1.05998959, 1.58129   , 1.11356891, 1.15451335, 1.00636805,
       1.00339555, 1.08963231, 1.00716309, 1.0114183 , 1.20462241,
       1.37070528, 1.00705323, 1.01739746, 1.00057198, 1.00896996,
       1.00642898, 1.02265229, 1.00311363, 1.01120861, 1.04281161])]
WW_fc:[0.32, 'cal', [0.3, 0.5], 0.377, 0.042, array([0.41130647, 0.44747802, 0.38614187, 0.43032979, 0.34681623,
       0.30951388, 0.41229657, 0.38168324, 0.43039307, 0.35008962,
       0.44549823, 0.39795416, 0.39616902, 0.32486712, 0.36201398,
       0.39074343, 0.34309432, 0.39903967, 0.40681692, 0.45973106,
       0.34867324, 0.40398251, 0.44270244, 0.38158584, 0.35559216,
       0.3607044 , 0.3748584 , 0.39612218, 0.41223936, 0.38699241,
       0.3995405 , 0.33492371, 0.32013722, 0.46163109, 0.43301634,
       0.34430301, 0.38536836, 0.37483298, 0.39246068, 0.40686067,
       0.37522786, 0.3950504 , 0.35775631, 0.43714228, 0.410016  ,
       0.37414655, 0.4238319 , 0.43264263, 0.42447886, 0.38445503,
       0.3492117 , 0.40980431, 0.36272367, 0.41449634, 0.46973867,
       0.43183251, 0.31430495, 0.30039955, 0.38196728, 0.35027527,
       0.36950208, 0.4275173 , 0.3612428 , 0.30846231, 0.40653399,
       0.36074842, 0.39319125, 0.30912929, 0.44724444, 0.38585765,
       0.34663249, 0.36388299, 0.40140954, 0.47346193, 0.44711404,
       0.39164831, 0.46111593, 0.49519234, 0.30881102, 0.38676095,
       0.39273925, 0.44941236, 0.30891607, 0.37812091, 0.43964354,
       0.39198032, 0.41274898, 0.3446541 , 0.35768556, 0.3966055 ,
       0.35956059, 0.39066053, 0.36987676, 0.34562002, 0.3883594 ,
       0.33568218, 0.41935435, 0.38645246, 0.35201802, 0.38012152])]
WW_w:[0.09, 'cal', [0.1, 0.2], 0.153, 0.022, array([0.15067733, 0.19851117, 0.14652625, 0.17008409, 0.14794296,
       0.13239564, 0.13570191, 0.14238058, 0.17805908, 0.15021124,
       0.18894562, 0.15963712, 0.14770714, 0.19272019, 0.16199442,
       0.12053532, 0.16756475, 0.17048844, 0.17627402, 0.18238585,
       0.14262717, 0.14888028, 0.17852142, 0.15692991, 0.12113734,
       0.15413259, 0.13609389, 0.16569256, 0.16297108, 0.15762172,
       0.11007736, 0.18252407, 0.15692908, 0.17369274, 0.18243867,
       0.13614483, 0.16403868, 0.15488082, 0.14091498, 0.18333038,
       0.17342583, 0.13807167, 0.16722488, 0.17273065, 0.14223745,
       0.15282669, 0.18889126, 0.15602876, 0.15756777, 0.15806486,
       0.14739541, 0.16179189, 0.15526975, 0.17538129, 0.14372625,
       0.17490682, 0.1264005 , 0.15641049, 0.19283636, 0.16147501,
       0.19247604, 0.15523949, 0.16916285, 0.16165484, 0.13971488,
       0.16426398, 0.14759071, 0.1656712 , 0.15356902, 0.13628691,
       0.13797984, 0.1647056 , 0.15565505, 0.16306288, 0.16356563,
       0.16281386, 0.19303386, 0.1343053 , 0.14622998, 0.1279487 ,
       0.18447867, 0.14864336, 0.18299298, 0.12769446, 0.19830954,
       0.1237143 , 0.19777173, 0.13989925, 0.14005833, 0.1649301 ,
       0.12165599, 0.19757121, 0.14619839, 0.13469834, 0.14648675,
       0.16096853, 0.13370699, 0.15684799, 0.13011644, 0.17226699])]
rho_st:[0.4, 'cal', [0.38, 0.62], 0.428, 0.053, array([0.417802  , 0.44229547, 0.50407801, 0.42324369, 0.38381082,
       0.44440689, 0.50995141, 0.46135935, 0.40850379, 0.38503966,
       0.46802099, 0.45995072, 0.47763347, 0.43204249, 0.45057038,
       0.54993203, 0.42197333, 0.47496155, 0.41545211, 0.47786173,
       0.44700235, 0.52154326, 0.46092995, 0.43929776, 0.50923032,
       0.50675265, 0.46015066, 0.48471087, 0.43709803, 0.47472167,
       0.52458889, 0.44282706, 0.44052298, 0.38396487, 0.44842308,
       0.44873864, 0.44425331, 0.47329394, 0.37993448, 0.40071532,
       0.37764244, 0.44175883, 0.41149519, 0.49321585, 0.42943237,
       0.47272034, 0.42109547, 0.37555151, 0.46796594, 0.38796488,
       0.54522   , 0.44250058, 0.52371362, 0.40912082, 0.49424951,
       0.43290857, 0.38710388, 0.4681593 , 0.38673509, 0.48612623,
       0.42610963, 0.52540524, 0.43792711, 0.41711315, 0.505778  ,
       0.46961795, 0.37696501, 0.39536946, 0.49223411, 0.39628808,
       0.51260644, 0.39817174, 0.41944794, 0.50582562, 0.37562825,
       0.39016513, 0.48705813, 0.48070203, 0.41071226, 0.53582068,
       0.4173372 , 0.47893345, 0.42302579, 0.40551647, 0.45859421,
       0.46212165, 0.41570882, 0.42438584, 0.44777999, 0.39781952,
       0.49291398, 0.43813741, 0.47122511, 0.43119103, 0.41124422,
       0.45406076, 0.44555471, 0.55682835, 0.53602353, 0.42040497])]
Kc0:[0.5, 'cal', [0.0, 1.5], 0.724, 0.128, array([0.69222318, 0.77873836, 0.17181279, 0.69563349, 0.67884231,
       0.67607982, 0.87167177, 0.71168802, 0.74056397, 0.53669996,
       0.85272038, 0.82982207, 0.84277488, 0.65431487, 0.77309647,
       0.85703275, 0.76010257, 0.1909107 , 0.5771377 , 0.86469263,
       0.82323233, 0.88625714, 0.64626203, 0.78505261, 0.90498841,
       0.26164066, 0.57989013, 0.87909362, 0.72040692, 0.79695778,
       0.88430978, 0.77510207, 0.66406835, 0.53523117, 0.6099924 ,
       0.63052397, 0.73191285, 0.78922223, 0.54050445, 0.764648  ,
       0.68493365, 0.68831457, 0.75557047, 0.84210159, 0.7877849 ,
       0.85794518, 0.79066358, 0.67796788, 0.60226234, 0.67149425,
       0.92351321, 0.79302299, 0.90560409, 0.7139651 , 0.79090219,
       0.78406717, 0.23443921, 0.83220602, 0.67679449, 0.88251521,
       0.73160386, 0.94076984, 0.8064664 , 0.74448141, 0.91308069,
       0.71868514, 0.47648661, 0.7488467 , 0.30893188, 0.6899143 ,
       0.87680414, 0.74663488, 0.56888201, 0.86288994, 0.57740469,
       0.59273569, 0.73913846, 0.64082793, 0.49405907, 0.67555738,
       0.77537842, 0.27866445, 0.61151881, 0.46159024, 0.7978998 ,
       0.70223026, 0.73459588, 0.77855009, 0.78713273, 0.74810347,
       0.77146741, 0.74826541, 0.83445937, 0.5668415 , 0.64594091,
       0.79727686, 0.76207213, 0.929604  , 0.91676123, 0.59205286])]
