A:[0.3, 'cal', [0.0, 1.0], 0.329, 0.024, array([0.36498576, 0.45642287, 0.3454957 , 0.35929707, 0.35202982,
       0.35381611, 0.34181055, 0.36673018, 0.41284939, 0.33381086,
       0.34315808, 0.3288177 , 0.34860055, 0.34861343, 0.34932198,
       0.34845205, 0.3583422 , 0.40189022, 0.33337759, 0.39962941,
       0.34745447, 0.34848441, 0.31708303, 0.34725244, 0.35531733,
       0.34664727, 0.3465265 , 0.37138359, 0.35898825, 0.34847268,
       0.37532117, 0.35246936, 0.34349478, 0.35452277, 0.33824448,
       0.65150412, 0.44733571, 0.34926761, 0.36325799, 0.34707304,
       0.33697156, 0.37280176, 0.33927662, 0.34794497, 0.33758994,
       0.3484654 , 0.35298723, 0.36029302, 0.36076253, 0.3275507 ,
       0.36171267, 0.35834268, 0.34308507, 0.34665926, 0.36326562,
       0.3843968 , 0.34642179, 0.36336715, 0.35134804, 0.34439396,
       0.34697944, 0.34701827, 0.3540276 , 0.38637401, 0.34200394,
       0.34944847, 0.32860935, 0.49929055, 0.34098989, 0.33973079,
       0.33439322, 0.60433286, 0.34718475, 0.45846364, 0.37459606,
       0.33313385, 0.36156443, 0.3402039 , 0.34464104, 0.34769107,
       0.35253833, 0.35645905, 0.36138356, 0.35145164, 0.34611601,
       0.38789217, 0.32601053, 0.34064969, 0.35187676, 0.36332031,
       0.37464053, 0.35882662, 0.33846929, 0.36038627, 0.35219484,
       0.35782815, 0.34915604, 0.34265402, 0.49557462, 0.35159344])]
B:[1.5, 'cal', [0.0, 3.0], 0.61, 0.118, array([0.62218537, 0.45708111, 0.77044832, 0.68557435, 0.67498335,
       0.68724792, 0.76038378, 0.63961035, 0.446342  , 1.02841356,
       0.73354692, 0.91375543, 0.75391645, 0.7098344 , 0.70974117,
       0.7473768 , 0.67030064, 0.51367037, 1.06439742, 0.48266573,
       0.80465175, 0.72548072, 1.20106326, 0.75199847, 0.66480355,
       0.70046471, 0.80953788, 0.60151594, 0.68737182, 0.70970649,
       0.57194337, 0.66992256, 0.78730176, 0.66049314, 0.8468024 ,
       0.19887486, 0.40029742, 0.72106602, 0.63916003, 0.72450448,
       0.87558545, 0.60031743, 0.89769846, 0.78074219, 0.96552632,
       0.74099007, 0.70510621, 0.65319255, 0.62061394, 0.95604128,
       0.73241979, 0.66374979, 0.80684012, 0.76147569, 0.62874482,
       0.59447608, 0.71189216, 0.63677637, 0.67124808, 0.85332694,
       0.71231104, 0.74199458, 0.74281085, 0.53145862, 0.79913728,
       0.68885749, 1.27582053, 0.3462435 , 0.80125647, 0.86540793,
       1.22089179, 0.21879397, 0.70138699, 0.35801318, 0.58602125,
       1.14595109, 0.65550509, 0.85427558, 0.83613501, 0.72873182,
       0.71925319, 0.78119857, 0.62200856, 0.70619401, 0.70130021,
       0.52038905, 2.20743166, 0.81347071, 0.70337775, 0.63973088,
       0.60048288, 0.68464676, 0.9147903 , 0.65025464, 0.75247954,
       0.68248473, 0.74483045, 0.86987726, 0.3230837 , 0.69785506])]
C:[-15, 'cal', [-30.0, -5.0], -16.48, 1.016, array([-15.5690191 , -19.0861985 , -16.59579388, -15.9977552 ,
       -15.6560387 , -16.11749472, -16.54078152, -16.56585667,
       -15.62455443, -20.5910428 , -15.9715006 , -20.56671216,
       -17.25261966, -16.61185449, -16.33717777, -16.62287913,
       -16.03978787, -16.52563422, -21.62296359, -14.72360899,
       -19.00820007, -16.13258415, -20.78114515, -16.62798972,
       -15.02807703, -16.46696326, -18.62248078, -16.36013597,
       -16.62688498, -16.28066537, -15.65381765, -14.85486459,
       -17.36574832, -14.99515936, -19.46754953, -15.901039  ,
       -16.89959697, -16.2400846 , -16.20522664, -16.44096621,
       -19.54137196, -15.27591265, -18.25817167, -18.70797582,
       -19.74468422, -16.35137702, -16.67091165, -15.73053975,
       -14.69920575, -20.24359578, -19.51854118, -15.84464467,
       -17.10709567, -17.73061205, -14.85828468, -15.89250862,
       -14.93367066, -14.89181979, -15.46354807, -19.10690063,
       -15.04975544, -15.30897593, -17.60403308, -14.95095343,
       -16.94194018, -14.85588674, -20.40534973, -18.79000104,
       -17.48983988, -19.07613645, -21.48173874, -15.38964372,
       -14.8280054 , -14.80525129, -15.77251837, -20.70105864,
       -16.08140446, -17.38848121, -18.91181309, -16.39423805,
       -16.41362017, -18.34214827, -15.40134541, -16.21419957,
       -16.3498844 , -15.1815394 , -25.53996387, -18.73377191,
       -16.56528799, -15.5703343 , -15.58953365, -16.01726386,
       -19.39917356, -16.54514995, -18.44425357, -15.83292938,
       -18.84865728, -17.99145144, -16.10047676, -15.3218883 ])]
D:[30, 'cal', [10.0, 100.0], 30.027, 7.562, array([29.48863971, 45.47826415, 35.93603756, 32.41709931, 29.94940388,
       31.74707267, 37.31709422, 36.66742577, 29.32540812, 53.55942529,
       31.48260466, 52.0727538 , 38.57915689, 35.02549761, 33.28380271,
       35.42549066, 32.36471103, 34.09736551, 56.82195312, 26.44121304,
       47.69007127, 33.17341923, 55.43379744, 37.90268192, 29.66344106,
       33.94535998, 43.71619185, 33.8564363 , 34.07018508, 32.80390892,
       29.51700786, 29.61598218, 39.40756592, 29.84982706, 49.02791927,
       28.758462  , 35.89099004, 32.75298224, 32.51695682, 32.92675389,
       49.07281686, 28.63627441, 39.60187494, 43.88383935, 48.82061891,
       33.99568344, 37.51662485, 30.80784525, 28.24962695, 52.04083707,
       47.34446361, 30.61678975, 35.81086266, 42.93466537, 27.37091164,
       33.0560668 , 30.04771623, 27.45670812, 29.40318719, 47.15303599,
       31.42802205, 29.34704475, 42.45031902, 27.31185015, 37.10981551,
       32.13122776, 54.74187183, 43.33636779, 40.71233672, 46.92881759,
       58.18863648, 26.85658874, 31.80215128, 25.88483732, 29.99228456,
       55.07600201, 32.07141436, 41.61379521, 44.19998566, 35.91630291,
       36.44818955, 45.10774727, 30.07071301, 34.70517896, 31.57588054,
       32.10215661, 75.36966401, 43.48884072, 36.60150607, 29.52268709,
       31.34729579, 31.71371783, 49.0601468 , 35.33573827, 42.24605069,
       32.4508352 , 43.0539922 , 44.60274782, 31.9969316 , 28.97460861])]
WW_fc:[0.32, 'cal', [0.29, 0.35], 0.319, 0.028, array([0.34987487, 0.29138147, 0.32059357, 0.33469794, 0.34960293,
       0.34467213, 0.30726368, 0.30446878, 0.34428132, 0.29060279,
       0.34750659, 0.29290897, 0.31320381, 0.32607483, 0.33478655,
       0.324038  , 0.33501541, 0.32248547, 0.29006254, 0.34981592,
       0.29000392, 0.33167882, 0.2931378 , 0.30476596, 0.32966754,
       0.33331142, 0.30697765, 0.32470904, 0.33530887, 0.3398033 ,
       0.34898215, 0.32552055, 0.31202313, 0.32687936, 0.29066567,
       0.34260026, 0.31036091, 0.33828942, 0.33582337, 0.34147215,
       0.29065285, 0.34991568, 0.32990346, 0.30436737, 0.30082636,
       0.33114798, 0.30660257, 0.34161727, 0.33473492, 0.29001305,
       0.29522489, 0.34679315, 0.33540782, 0.29347376, 0.34964631,
       0.32215575, 0.3262118 , 0.34998551, 0.34986814, 0.29634479,
       0.31491627, 0.34997507, 0.29342314, 0.34673915, 0.3208182 ,
       0.30019908, 0.29002427, 0.29012032, 0.30545517, 0.29747389,
       0.29011975, 0.34984591, 0.30562501, 0.34883747, 0.3493825 ,
       0.29028557, 0.33838442, 0.2975961 , 0.30950232, 0.31431324,
       0.31014825, 0.2933108 , 0.33926161, 0.31956963, 0.3494775 ,
       0.30140786, 0.29000164, 0.30903101, 0.3112915 , 0.34999911,
       0.32692398, 0.34312417, 0.29210459, 0.31877652, 0.31016657,
       0.32824422, 0.30952584, 0.29389319, 0.31895889, 0.34968255])]
WW_w:[0.09, 'cal', [0.06, 0.12], 0.117, 0.003, array([0.10978521, 0.11991365, 0.10935369, 0.10914701, 0.11138734,
       0.11630126, 0.10524453, 0.10424012, 0.10931719, 0.11992941,
       0.11864206, 0.11997553, 0.11594745, 0.11892861, 0.1161328 ,
       0.10994189, 0.11223123, 0.11918386, 0.11853007, 0.09152647,
       0.11950554, 0.1094418 , 0.1185795 , 0.10705015, 0.10057282,
       0.11695144, 0.11998809, 0.11766289, 0.11906548, 0.1175656 ,
       0.11046233, 0.09977306, 0.11992146, 0.10042133, 0.11905881,
       0.11911935, 0.11913034, 0.11165465, 0.11975567, 0.11642741,
       0.112807  , 0.1052102 , 0.11998866, 0.11960966, 0.11996186,
       0.11291657, 0.11282027, 0.10883457, 0.09351688, 0.11947683,
       0.11890032, 0.11163311, 0.11912436, 0.11640354, 0.07877523,
       0.10550308, 0.1002482 , 0.10706052, 0.10529817, 0.11945107,
       0.09680654, 0.10551579, 0.11726908, 0.10570366, 0.11979809,
       0.08659427, 0.11992369, 0.11927211, 0.11827334, 0.1198444 ,
       0.11999947, 0.11300333, 0.09456582, 0.08563346, 0.11145348,
       0.11933837, 0.11307189, 0.10702113, 0.11999494, 0.10833007,
       0.10639407, 0.11997264, 0.11313069, 0.10882092, 0.11998906,
       0.1003739 , 0.11922207, 0.11999829, 0.10908028, 0.10991568,
       0.09433659, 0.115987  , 0.11998091, 0.11764702, 0.11979732,
       0.10437766, 0.11953116, 0.11978961, 0.11000963, 0.09338437])]
rho_st:[0.4, 'cal', [0.0, 0.5], 0.1, 0.091, array([0.17873306, 0.04580275, 0.12402788, 0.14887144, 0.1798523 ,
       0.15324368, 0.13456824, 0.15913168, 0.17855648, 0.01094633,
       0.17109274, 0.01693283, 0.10810865, 0.1320477 , 0.14818883,
       0.12148315, 0.15773278, 0.18182459, 0.01281813, 0.27010998,
       0.03208443, 0.14587253, 0.01162337, 0.13385492, 0.32927742,
       0.11532386, 0.03237708, 0.18583923, 0.11587764, 0.14043689,
       0.17877014, 0.34005887, 0.1056186 , 0.33233283, 0.01811637,
       0.19731355, 0.14172141, 0.13948466, 0.1934571 , 0.13556494,
       0.04720933, 0.23296634, 0.13525728, 0.05375182, 0.01985676,
       0.13167154, 0.16421934, 0.17179324, 0.31418147, 0.01828758,
       0.03658036, 0.17570657, 0.098882  , 0.08850492, 0.18020102,
       0.15728115, 0.34042634, 0.33848762, 0.17745615, 0.02816563,
       0.32806268, 0.22095566, 0.09192195, 0.33732603, 0.13299841,
       0.33365848, 0.00471101, 0.09725602, 0.10779798, 0.02468019,
       0.00736957, 0.23863956, 0.35404193, 0.20935543, 0.15358158,
       0.00462251, 0.15221506, 0.09462164, 0.04238092, 0.13476182,
       0.12640186, 0.06445674, 0.24535616, 0.14301033, 0.19447762,
       0.34542131, 0.01076476, 0.02510878, 0.12069331, 0.1752964 ,
       0.16122507, 0.15881601, 0.0396372 , 0.18347721, 0.02971659,
       0.16100454, 0.02064668, 0.05964452, 0.17010744, 0.16652845])]
Kc0:[0.5, 'cal', [0.0, 1.0], 0.245, 0.021, array([0.27049316, 0.16674273, 0.22891457, 0.26053572, 0.27141583,
       0.25323214, 0.23465171, 0.22194443, 0.27154616, 0.13502033,
       0.26571185, 0.1402942 , 0.21235939, 0.24588907, 0.24560097,
       0.22664851, 0.25335016, 0.23475986, 0.12111468, 0.29580401,
       0.17755054, 0.24676206, 0.13674391, 0.23870691, 0.25643754,
       0.24797596, 0.17722302, 0.23970919, 0.23422904, 0.2534325 ,
       0.27190399, 0.26379123, 0.21798559, 0.25869438, 0.16608346,
       0.28710303, 0.23708087, 0.24154727, 0.24089529, 0.23478376,
       0.14732359, 0.26675537, 0.14452346, 0.17192328, 0.14649797,
       0.24538488, 0.2345013 , 0.26659398, 0.29184233, 0.14575306,
       0.15936124, 0.25788656, 0.20474793, 0.21672232, 0.2734589 ,
       0.25315208, 0.26356088, 0.26161678, 0.2684999 , 0.1666933 ,
       0.25648467, 0.26014935, 0.21967607, 0.2609948 , 0.22367393,
       0.26117482, 0.13777001, 0.15988354, 0.21230475, 0.17130737,
       0.12121298, 0.3010689 , 0.27435469, 0.29298335, 0.26367948,
       0.13608885, 0.25015863, 0.20282738, 0.1635727 , 0.24892972,
       0.24454515, 0.18034331, 0.27905566, 0.25521553, 0.21882893,
       0.26878836, 0.07676922, 0.171232  , 0.24611373, 0.26921619,
       0.25955019, 0.25785552, 0.16218163, 0.23525266, 0.17485743,
       0.25988539, 0.16836528, 0.20103   , 0.26797519, 0.26363038])]
