A:['[-]', 'cal', [0.0, 1.0], 0.334, 0.012, array([0.34632987, 0.36051336, 0.31384508, 0.33006773, 0.37468524,
       0.47206198, 0.3536567 , 0.33389168, 0.33268099, 0.35104581,
       0.39405252, 0.34178412, 0.32253164, 0.34142137, 0.35581859,
       0.33243064, 0.38340514, 0.33877237, 0.38485251, 0.33639564])]
B:['[-]', 'cal', [0.0, 3.0], 0.652, 0.171, array([0.69208396, 0.60018342, 1.03227709, 1.01209561, 0.55296088,
       0.31549865, 0.64657394, 0.78691146, 0.81210746, 0.65783101,
       0.52355887, 0.73795901, 0.90066107, 0.72487773, 0.6252476 ,
       0.77518126, 0.50652838, 0.77519603, 0.51960488, 0.7530754 ])]
C:['[dB]', 'cal', [-30.0, -5.0], -14.507, 0.136, array([-14.5023124 , -14.66276254, -14.62583805, -14.24518467,
       -14.52406366, -14.73756211, -14.40278977, -14.25815891,
       -14.50009957, -14.59508725, -14.3895857 , -14.42214456,
       -14.29220439, -14.63463611, -14.42848177, -14.53177111,
       -14.48978924, -14.43030598, -14.4825903 , -14.50083054])]
D:['[dB m3/m3]', 'cal', [10.0, 100.0], 27.713, 2.132, array([28.41244493, 28.91854259, 33.40126629, 31.60497195, 27.18301517,
       27.54894875, 27.66176612, 26.94160653, 31.20206204, 26.83335729,
       27.59833509, 31.82702627, 30.93683902, 31.61180057, 28.80463851,
       31.63699593, 27.60475393, 27.19354768, 29.93375187, 29.00751596])]
W_max:['[mm]', 'cal', [1.0, 2.0], 1.0, 0.0, array([1.00304862, 1.00055723, 1.0003227 , 1.00002124, 1.00146903,
       1.00599897, 1.00232705, 1.00376788, 1.00015673, 1.00238155,
       1.00006096, 1.00017354, 1.00059023, 1.00023924, 1.00184072,
       1.00161539, 1.00000597, 1.00213182, 1.00347253, 1.00046817])]
WW_fc:['[m3/m3]', 'cal', [0.29, 0.35], 0.319, 0.02, array([0.33212399, 0.32627241, 0.30122416, 0.31057405, 0.33781013,
       0.32583428, 0.33303804, 0.34644068, 0.31132849, 0.34784902,
       0.32718207, 0.29561476, 0.31092623, 0.30561972, 0.31716658,
       0.30159235, 0.32934647, 0.33997941, 0.30564475, 0.32733188])]
WW_w:['[m3/m3]', 'cal', [0.06, 0.12], 0.095, 0.007, array([0.10082468, 0.1027396 , 0.09241677, 0.09066672, 0.10209508,
       0.10126954, 0.09460166, 0.09661503, 0.09445068, 0.10013057,
       0.09237298, 0.0842576 , 0.09037934, 0.09707577, 0.08577576,
       0.08695772, 0.09730149, 0.07974804, 0.09164185, 0.09578728])]
rho_st:['[mm/h]', 'fix', ['/', '/'], 0.4, '/']
Kc0:['[-]', 'cal', [0.0, 1.0], 0.281, 0.011, array([0.28415255, 0.29380646, 0.26468802, 0.28401912, 0.28346307,
       0.2916637 , 0.2837319 , 0.28235065, 0.28486209, 0.26842822,
       0.28340376, 0.28580863, 0.27314153, 0.2874641 , 0.28351598,
       0.27313366, 0.29979528, 0.22951019, 0.30662932, 0.27211468])]
