A:[0.3, 'cal', [0.0, 1.0], 0.318, 0.026, array([0.34959968, 0.32655751, 0.33303259, 0.34612229, 0.35559913,
       0.3467936 , 0.39139036, 0.36809015, 0.34313455, 0.33412673,
       0.3143513 , 0.3558085 , 0.71095424, 0.33817275, 0.41813523,
       0.3493719 , 0.39341576, 0.35024776, 0.3506715 , 0.34422369,
       0.34832056, 0.34464505, 0.35076525, 0.31658114, 0.34812639,
       0.31252701, 0.33977161, 0.3387981 , 0.33648096, 0.40547713,
       0.37060468, 0.356367  , 0.38242456, 0.44715378, 0.32931408,
       0.45116308, 0.35171571, 0.35956603, 0.34361616, 0.3511649 ,
       0.34464763, 0.37595046, 0.32562995, 0.41652179, 0.34597772,
       0.32244454, 0.32538573, 0.32722946, 0.34530252, 0.363419  ,
       0.34775048, 0.35448111, 0.34187617, 0.32963832, 0.3331463 ,
       0.34433725, 0.40706378, 0.41268413, 0.36968404, 0.39802732,
       0.3478155 , 0.33697848, 0.36242083, 0.48024376, 0.35731614,
       0.37121636, 0.34405962, 0.35531908, 0.69656114, 0.32559206,
       0.41277294, 0.33398292, 0.34470038, 0.34613778, 0.3366375 ,
       0.37601064, 0.33339058, 0.3800702 , 0.33445415, 0.34049721,
       0.33779313, 0.3428052 , 0.34282426, 0.32786345, 0.34160359,
       0.35824512, 0.35627214, 0.35705581, 0.35240053, 0.33569383,
       0.34609339, 0.34165015, 0.35785707, 0.32934483, 0.31325203,
       0.39028411, 0.36745036, 0.3382227 , 0.53336654, 0.34259456])]
B:[1.5, 'cal', [0.0, 3.0], 0.661, 0.091, array([0.6913182 , 0.8862712 , 0.82746636, 0.71086392, 0.67646892,
       0.72597831, 0.514957  , 0.59999587, 0.75468342, 0.84920033,
       1.45366515, 0.67669446, 0.20179839, 0.80650505, 0.43627619,
       0.69235847, 0.5840614 , 0.69287784, 0.68776451, 0.72065272,
       0.70677816, 0.74270955, 0.68195355, 1.31635749, 0.70527477,
       1.08562323, 0.75620239, 0.7765254 , 0.79499191, 0.44289077,
       0.70879932, 0.70121938, 0.5336371 , 0.37863757, 0.90567199,
       0.37532051, 0.67499614, 0.62980999, 0.76012525, 0.66957727,
       0.73688615, 0.53994186, 0.86045929, 0.42167843, 0.7252711 ,
       1.08569502, 0.93071248, 0.82235006, 0.74471655, 0.60592888,
       0.71151976, 0.65197561, 0.75029024, 1.04093613, 0.77077857,
       0.72558436, 0.44365363, 0.46550019, 0.59299787, 0.48130382,
       0.69164823, 0.78476036, 0.6305478 , 0.33349458, 0.65198391,
       0.57794547, 0.73877879, 0.65446575, 0.18175901, 0.947386  ,
       0.45799814, 0.79681935, 0.78056841, 0.74099341, 0.77063839,
       0.58850985, 0.79913954, 0.53823625, 0.74346784, 0.73608821,
       0.76836874, 0.74063913, 0.7201365 , 0.92580764, 0.75012285,
       0.66474631, 0.6348664 , 0.64877626, 0.65401093, 0.7969638 ,
       0.71784969, 0.76649513, 0.62466928, 0.7802927 , 1.06052419,
       0.49926249, 0.62602745, 0.73737756, 0.27221319, 0.75972347])]
C:[-15, 'cal', [-30.0, -5.0], -15.651, 0.446, array([-15.75107548, -14.78288273, -15.26904889, -15.25499989,
       -15.00628025, -15.5798634 , -14.98389276, -15.13995874,
       -15.54711123, -15.37402686, -20.58988073, -15.65252799,
       -18.56411663, -15.33612585, -14.88803665, -15.66775444,
       -18.65075887, -14.84135018, -15.59533581, -15.48559232,
       -15.46950208, -15.44321833, -15.73297036, -20.61821401,
       -14.89398041, -17.73409399, -15.02208027, -15.86873807,
       -15.2392799 , -15.51869426, -15.82690945, -14.89869198,
       -14.74942381, -15.29255602, -14.97495256, -15.04678056,
       -15.25561571, -14.99987849, -14.81420923, -14.82567251,
       -15.60153961, -14.91728143, -15.9277111 , -15.29304203,
       -14.59492409, -19.62778543, -15.54458282, -15.02355997,
       -15.65653677, -14.87499811, -15.44496325, -15.1337209 ,
       -15.0725084 , -18.39805845, -14.92862829, -15.25203769,
       -14.91545869, -15.46173766, -15.10497251, -15.26998195,
       -15.01345217, -15.46605625, -15.63702796, -14.72726409,
       -15.04600235, -15.36732816, -14.1345211 , -15.29843986,
       -15.35734095, -15.72320332, -14.67773764, -14.52748576,
       -14.94601264, -15.80798531, -15.45019829, -15.1200647 ,
       -15.62801873, -14.11961348, -15.04778074, -15.57866298,
       -14.5989655 , -14.86454264, -15.49647206, -15.43293414,
       -15.53855302, -14.82450831, -15.42985317, -14.7791775 ,
       -15.54633372, -15.37674384, -15.74077479, -15.29187407,
       -15.91173617, -15.43866216, -20.07722547, -15.49354932,
       -15.35180681, -15.45887023, -15.18042996, -14.55503721])]
D:[30, 'cal', [10.0, 100.0], 30.139, 2.962, array([35.81374111, 32.43975387, 33.49269055, 34.88927021, 27.75442758,
       34.2612697 , 28.72167181, 30.6860252 , 33.73884133, 35.97038376,
       52.62974732, 34.86837394, 38.04758312, 32.04170357, 26.78742121,
       32.54142976, 42.71636708, 30.58229741, 35.17814269, 33.38156055,
       33.68854067, 31.75340845, 34.19357257, 49.89567717, 31.14926277,
       42.72659855, 32.98951423, 34.81606372, 33.87734113, 30.5360843 ,
       33.3820614 , 29.95710423, 27.76279038, 30.20263568, 29.21887153,
       27.1758093 , 31.79073781, 29.48470987, 28.12885759, 31.3184381 ,
       33.59212938, 27.77286339, 37.1527002 , 29.51050184, 30.16058005,
       46.63817673, 35.48991032, 30.51653535, 35.92157244, 31.60129988,
       31.26194709, 31.54455595, 29.43597082, 44.64825167, 30.3942138 ,
       31.27347693, 28.58217037, 32.17734829, 31.0814068 , 28.22381908,
       33.22982196, 30.92550521, 32.1510156 , 26.00340333, 30.77506667,
       30.65080997, 30.43550181, 31.35223128, 30.36372591, 37.47428837,
       25.75987836, 31.57060063, 30.28868952, 35.64983824, 31.88196137,
       32.21801509, 31.24262648, 26.39791606, 32.10205933, 34.98434047,
       29.54574123, 28.74794323, 32.56737405, 36.0667865 , 31.9312555 ,
       28.68522586, 30.06175863, 28.0445632 , 31.45736226, 30.95810147,
       32.5840337 , 32.08930529, 35.81853293, 35.0245469 , 50.41625455,
       30.42442551, 30.15119158, 32.20987391, 26.62549671, 29.30125855])]
W_max:[100, 'cal', [1.0, 2.0], 1.0, 0.011, array([1.1391071 , 1.00061483, 1.00048263, 1.03135352, 1.01635578,
       1.00649989, 1.00311166, 1.00065477, 1.00621267, 1.01569998,
       1.01664527, 1.00054349, 1.00125524, 1.08243185, 1.00128249,
       1.05628928, 1.00060612, 1.01019683, 1.01859301, 1.05164406,
       1.02287157, 1.03578702, 1.00048983, 1.03541699, 1.01242018,
       1.08713093, 1.00025061, 1.10579599, 1.01155243, 1.00394507,
       1.13024102, 1.00064802, 1.00291918, 1.0081846 , 1.00646564,
       1.0126062 , 1.03019136, 1.01669287, 1.00432541, 1.00727012,
       1.0663327 , 1.00129776, 1.00652209, 1.00026831, 1.00496379,
       1.02050842, 1.24380663, 1.00480099, 1.00580639, 1.0164215 ,
       1.00007855, 1.00236418, 1.01324206, 1.00399968, 1.02583366,
       1.00256091, 1.00681838, 1.00736883, 1.01672462, 1.0140708 ,
       1.02772719, 1.08881519, 1.00093337, 1.00019608, 1.00035532,
       1.02160018, 1.00003319, 1.00773076, 1.00060343, 1.05827813,
       1.01860079, 1.00028498, 1.00055704, 1.00905298, 1.01399094,
       1.0006831 , 1.00229832, 1.00011721, 1.00353287, 1.00730389,
       1.00414853, 1.00600238, 1.00036051, 1.01504688, 1.0347302 ,
       1.00412864, 1.00878271, 1.00016202, 1.04012202, 1.00425885,
       1.05816467, 1.021975  , 1.08968078, 1.0149356 , 1.00000483,
       1.01578127, 1.0131702 , 1.02336492, 1.00608414, 1.00077486])]
WW_fc:[0.32, 'cal', [0.29, 0.35], 0.312, 0.021, array([0.295308  , 0.30829981, 0.30809272, 0.29089222, 0.3496008 ,
       0.30467333, 0.32967294, 0.31929398, 0.31202902, 0.29151713,
       0.29847943, 0.30124263, 0.30546164, 0.32261261, 0.34859969,
       0.3221497 , 0.29251008, 0.31589762, 0.29622483, 0.31065033,
       0.30555487, 0.32625627, 0.30772569, 0.31357642, 0.31366798,
       0.29600361, 0.30184746, 0.31243295, 0.30264994, 0.32642608,
       0.32245531, 0.32676388, 0.33237757, 0.31827647, 0.3459424 ,
       0.34324273, 0.31715441, 0.33153906, 0.34950647, 0.30697074,
       0.31295916, 0.34230952, 0.29098599, 0.32754183, 0.31673548,
       0.30542239, 0.30770208, 0.32975332, 0.29400148, 0.30162129,
       0.33000731, 0.31393061, 0.33953542, 0.29518844, 0.32561361,
       0.32341783, 0.32165867, 0.31266881, 0.31533094, 0.34263378,
       0.29500422, 0.33663887, 0.32114168, 0.34509709, 0.31916363,
       0.32386014, 0.30150993, 0.31989765, 0.30111107, 0.29473509,
       0.34986894, 0.30554983, 0.32765409, 0.30049721, 0.32528004,
       0.30268133, 0.33847159, 0.33172792, 0.30916496, 0.29722366,
       0.32310865, 0.33873505, 0.3159575 , 0.29548154, 0.32689968,
       0.33676972, 0.3379251 , 0.33751939, 0.33374842, 0.33329629,
       0.32521386, 0.31827847, 0.29460725, 0.29657387, 0.29022776,
       0.32666819, 0.33390625, 0.31989946, 0.34282202, 0.32346655])]
WW_w:[0.09, 'cal', [0.06, 0.12], 0.104, 0.009, array([0.1071146 , 0.0905928 , 0.09526487, 0.09958698, 0.1038983 ,
       0.10699334, 0.10022576, 0.10441448, 0.10978597, 0.09776262,
       0.11408549, 0.10921367, 0.1165292 , 0.10576462, 0.10672605,
       0.11613143, 0.10405898, 0.09229994, 0.10513843, 0.10790817,
       0.10330913, 0.11047126, 0.10826014, 0.11999783, 0.09565825,
       0.11976973, 0.0933564 , 0.11660334, 0.10174249, 0.1177943 ,
       0.11976186, 0.09976077, 0.09111391, 0.10500252, 0.10274268,
       0.11438185, 0.10803819, 0.09984359, 0.10647912, 0.09321873,
       0.10996626, 0.1037032 , 0.09552117, 0.10796887, 0.09185615,
       0.11951708, 0.10949389, 0.10025097, 0.10305887, 0.08902316,
       0.11228294, 0.1049878 , 0.10447728, 0.11358597, 0.10229138,
       0.10594009, 0.09659426, 0.11263098, 0.10308055, 0.10999613,
       0.09224913, 0.11104225, 0.11251049, 0.09620789, 0.10303924,
       0.10733766, 0.07601059, 0.10590522, 0.09708689, 0.10848992,
       0.09430675, 0.09123935, 0.09711358, 0.10697288, 0.10779413,
       0.09175844, 0.11747111, 0.07741922, 0.09577899, 0.09845823,
       0.09136086, 0.09698615, 0.10447432, 0.09903473, 0.11071948,
       0.09936545, 0.11314244, 0.09184729, 0.11837775, 0.10615843,
       0.11726532, 0.10666654, 0.10901483, 0.10265669, 0.11754056,
       0.11321954, 0.1110199 , 0.1074749 , 0.10485567, 0.08877128])]
rho_st:[0.4, 'cal', [0.3, 0.5], 0.3, 0.01, array([0.30695966, 0.32077139, 0.30537238, 0.33096032, 0.31058694,
       0.30729118, 0.33838242, 0.32760706, 0.310877  , 0.30642594,
       0.30113669, 0.30373471, 0.30224853, 0.31067355, 0.31663785,
       0.31134537, 0.30002867, 0.33635071, 0.31499303, 0.31886451,
       0.31170292, 0.30810959, 0.30619119, 0.30055247, 0.3346528 ,
       0.30040852, 0.3300691 , 0.30257826, 0.32795814, 0.30341883,
       0.30130171, 0.32954631, 0.33747868, 0.30173984, 0.30488016,
       0.34280098, 0.33563695, 0.30068671, 0.33131847, 0.34834241,
       0.3097895 , 0.30854954, 0.30212754, 0.30713298, 0.35197484,
       0.3001864 , 0.318829  , 0.31888993, 0.30239332, 0.33688851,
       0.30725389, 0.34344615, 0.32130832, 0.34038514, 0.34040951,
       0.32015022, 0.34004136, 0.30390566, 0.3308562 , 0.31823442,
       0.33192595, 0.30074308, 0.30454967, 0.31202896, 0.33707501,
       0.31534813, 0.38906731, 0.31714827, 0.31209617, 0.30019228,
       0.33369023, 0.3786869 , 0.30608563, 0.30110672, 0.30682374,
       0.31289675, 0.30323829, 0.37081141, 0.33074436, 0.30076299,
       0.34859812, 0.32785849, 0.3006703 , 0.30794434, 0.30595164,
       0.32420779, 0.30248313, 0.32838255, 0.30462128, 0.30377806,
       0.30529377, 0.3241683 , 0.30361739, 0.3210318 , 0.31564779,
       0.32138914, 0.31632758, 0.31153547, 0.32332238, 0.34556244])]
Kc0:[0.5, 'cal', [0.0, 1.0], 0.246, 0.014, array([0.27251237, 0.25191206, 0.24234092, 0.26662093, 0.24625111,
       0.24434333, 0.26324621, 0.25560404, 0.2461833 , 0.24677479,
       0.09730284, 0.2553981 , 0.1046163 , 0.26144989, 0.29545272,
       0.25708883, 0.10676298, 0.26427925, 0.25274415, 0.26156071,
       0.25107213, 0.25022109, 0.24222056, 0.09933237, 0.26375838,
       0.14339332, 0.25869838, 0.26183358, 0.25957137, 0.28985384,
       0.26501023, 0.25693874, 0.26250552, 0.28872498, 0.24165953,
       0.26715059, 0.26808088, 0.2864118 , 0.25774278, 0.27212621,
       0.25871447, 0.28885313, 0.20138025, 0.27715333, 0.27346093,
       0.10045311, 0.29340858, 0.25033924, 0.24200145, 0.26686476,
       0.25426308, 0.2673338 , 0.25345548, 0.11284333, 0.26978126,
       0.25109719, 0.26432164, 0.28654739, 0.26202723, 0.25108097,
       0.26601227, 0.2559025 , 0.24151378, 0.29016796, 0.26197746,
       0.25213432, 0.29615635, 0.25045454, 0.24644384, 0.26559012,
       0.2622724 , 0.26932447, 0.24131291, 0.24198595, 0.24447211,
       0.24694928, 0.2400544 , 0.28359321, 0.25949066, 0.24141814,
       0.27060319, 0.25632394, 0.2384618 , 0.24716975, 0.2484648 ,
       0.26267918, 0.24548483, 0.25539893, 0.29279863, 0.24108983,
       0.25320152, 0.25859273, 0.26010665, 0.25617937, 0.09913283,
       0.25437609, 0.25020916, 0.25017666, 0.25299811, 0.26782048])]
