A:[0.3, 'cal', [0.01, 1.0], 0.324, 0.023, array([0.35551486, 0.69853712, 0.35729715, 0.34519851, 0.33146009,
       0.43733477, 0.768486  , 0.42428309, 0.3554695 , 0.34615816,
       0.32443426, 0.38113034, 0.36455035, 0.34855414, 0.67986066,
       0.34330439, 0.36379209, 0.35612582, 0.33202512, 0.40894298])]
B:[1.5, 'cal', [0.1, 3.0], 0.61, 0.063, array([0.65494635, 0.16854985, 0.62105679, 0.72115977, 0.71547549,
       0.39531668, 0.14831164, 0.39971391, 0.6388858 , 0.66573474,
       0.88650915, 0.5182242 , 0.55312664, 0.65380302, 0.17948883,
       0.75617164, 0.65565049, 0.61850468, 0.7102278 , 0.43017396])]
C:[-15, 'cal', [-30.0, -5.0], -14.188, 0.267, array([-14.28961502, -13.87346774, -14.30295211, -14.15462971,
       -14.10631545, -13.84597263, -13.84554179, -13.76294979,
       -14.79797838, -15.79945324, -13.70456638, -13.26779112,
       -14.23923829, -14.46837326, -13.97446873, -14.03168411,
       -12.81742615, -13.69773868, -14.8376287 , -14.0400313 ])]
D:[30, 'cal', [10.0, 100.0], 26.095, 2.845, array([27.86735885, 22.89837751, 26.82340562, 28.73499246, 27.18396434,
       25.85198091, 24.4583699 , 25.52528803, 29.98160663, 36.6391147 ,
       30.62433276, 23.07616232, 28.32002083, 27.56560854, 24.00368007,
       28.69139424, 24.74259484, 25.86561823, 30.55966373, 27.69415656])]
W_max:[100, 'cal', [1.0, 30.0], 10.613, 0.932, array([11.21339333,  9.64327744, 10.91305727, 11.47242572, 10.82139989,
       11.17254737, 10.59293748, 10.46195024, 13.32855769, 16.61420012,
       11.90950667, 10.01752973, 11.30156155, 11.07624745, 10.06477895,
       11.55524222,  9.77880413, 10.48283171, 12.43159275, 11.78627642])]
WW_fc:[0.32, 'cal', [0.29, 0.35], 0.325, 0.014, array([0.33205377, 0.34394042, 0.3438135 , 0.32450305, 0.33558198,
       0.32160058, 0.31713802, 0.32310052, 0.32504532, 0.29266455,
       0.29553247, 0.34188852, 0.31379268, 0.34138462, 0.33224151,
       0.31993163, 0.31786378, 0.33159337, 0.32229632, 0.30843428])]
WW_w:[0.09, 'cal', [0.06, 0.12], 0.09, 0.017, array([0.10298071, 0.08827423, 0.10638384, 0.10057602, 0.09834389,
       0.08435129, 0.07822947, 0.08156368, 0.11348231, 0.11834875,
       0.08041214, 0.07293807, 0.09200684, 0.10868784, 0.08775549,
       0.09423911, 0.0619602 , 0.08620926, 0.11085643, 0.08683775])]
rho_st:[0.4, 'cal', [0.3, 0.5], 0.3, 0.007, array([0.3033898 , 0.3152683 , 0.3105634 , 0.30303527, 0.31670438,
       0.31680044, 0.31179855, 0.30851629, 0.30114519, 0.30170596,
       0.3044291 , 0.34904194, 0.30105887, 0.30026607, 0.31353653,
       0.30690578, 0.35498507, 0.33367807, 0.30000533, 0.32933392])]
Kc0:[0.5, 'cal', [0.5, 1.5], 0.501, 0.001, array([0.50170693, 0.500846  , 0.5033824 , 0.50111118, 0.50239598,
       0.50080154, 0.50030108, 0.50002169, 0.50112264, 0.52060716,
       0.50182297, 0.5003313 , 0.50170962, 0.5030341 , 0.50029552,
       0.50137662, 0.5004315 , 0.50001503, 0.50948775, 0.50260192])]
