# Soil moisture calibrated on normalized, observed SM in Budrio
# PAR = [W_0, W_max, S_fc, S_w, rho_st, Kc]
# [ 0.44787407 31.14544121  0.72298382  0.30311594  0.69773762  0.42422568]
# RMSE = 0.16913358508850307
# R (WW vs WWobs) = 0.7225178459409732
# R_IRR (IRR vs IRRobs)= 0.7556768965153152
# #----------------------------------------------
4.478740679961527582e-01
3.822009950747621287e-01
3.224573128041233749e-01
2.525893073616595763e-01
1.806239718666117489e-01
1.095247827415068848e-01
1.095247827415068848e-01
1.095247827415068848e-01
1.095247827415068848e-01
1.095247827415068848e-01
1.095247827415068848e-01
1.095247827415068848e-01
1.095247827415068848e-01
1.576859242092374380e-01
3.082133148596070682e-01
7.229838174621221469e-01
6.556239452569803117e-01
5.876830099264764851e-01
5.191610114706107781e-01
4.500579498893830244e-01
3.803738251827932237e-01
3.114321700252771774e-01
2.432329844168346911e-01
1.757762683574658480e-01
4.863242966777267529e-01
4.203525197165051686e-01
3.551232123043572830e-01
2.906363744412829853e-01
2.509725768611476004e-01
1.847117666247225787e-01
1.239612351692090525e-01
4.370086547094577112e-01
4.033325308462965553e-01
7.229838174621221469e-01
7.229838174621221469e-01
6.416239470672931988e-01
7.229838174621221469e-01
6.377071511852235863e-01
5.510302671566322807e-01
7.229838174621221469e-01
6.335064979301454624e-01
5.426289606464760329e-01
7.229838174621221469e-01
6.293058446750673385e-01
5.342276541363197850e-01
4.372663886542695333e-01
3.384220482289165832e-01
3.083311098875516354e-01
2.057207557835458167e-01
1.012273267362372858e-01
7.229838174621221469e-01
6.147242385282082333e-01
5.045815846509915659e-01
3.955514773297891806e-01
2.876337803566484941e-01
1.808286299395220065e-01
7.513588987045720369e-02
7.229838174621220359e-01
6.195160342971332001e-01
5.171606614802060076e-01
4.159176990113405692e-01
3.148636569725917211e-01
2.300521129785836338e-01
1.293757755921152441e-01
7.229838174621221469e-01
6.226851847279343266e-01
5.225753362159105686e-01
4.226542719260507064e-01
3.229221280663073790e-01
2.217636145279915094e-01
1.191788675190555563e-01
7.229838174621221469e-01
7.229838174621221469e-01
7.229838174621221469e-01
6.146938641548008730e-01
5.049775411689070292e-01
3.938349847123931990e-01
2.842374350610787359e-01
1.761850284229162511e-01
6.967762858995321662e-02
7.229838174621221469e-01
6.195667036554630691e-01
5.176945966540033028e-01
5.377704863350220021e-01
4.389885291519137200e-01
3.788233637264529774e-01
7.229838174621221469e-01
6.276762387939185395e-01
5.228243104156318211e-01
4.164548892385505630e-01
3.085679752626747097e-01
1.991635684880042889e-01
8.824166891453923134e-02
7.229838174621221469e-01
6.117826915860336001e-01
5.004419525586332185e-01
3.889616003799211130e-01
2.773416350498972283e-01
1.655820565685615364e-01
7.229838174621221469e-01
6.109450126781629242e-01
4.997727628880041517e-01
3.894672042995983574e-01
2.800283369129455968e-01
1.714561607280458144e-01
6.375053953694649611e-02
7.229838174621221469e-01
6.170115786745288267e-01
5.119058948807360121e-01
4.067579866216683993e-01
3.015677176893735156e-01
1.963350880838513057e-01
9.106009780510186669e-02
7.229838174621221469e-01
6.176242420448706527e-01
5.122223059543918877e-01
4.067780091906858519e-01
3.022954767795772435e-01
1.987745725131136731e-01
9.621543259924758562e-02
7.229838174621221469e-01
6.223479338375460523e-01
5.226738145655674961e-01
4.239613234382338947e-01
3.262105966634977761e-01
7.229838174621221469e-01
6.257919519164906186e-01
5.288794488814351213e-01
4.322464445649082387e-01
7.229838174621221469e-01
6.269096743746997991e-01
5.311150300058059548e-01
4.355997481474882527e-01
3.402221725291472709e-01
2.449821669428305926e-01
1.498798675964906901e-01
7.229838174621221469e-01
6.281566581798307958e-01
5.334672051375162205e-01
4.389153221272260041e-01
3.445011453569125637e-01
2.512311153875931291e-01
1.591052322192677282e-01
6.812363205988884729e-02
6.812363205988884729e-02
6.812363205988884729e-02
6.812363205988884729e-02
6.812363205988884729e-02
6.812363205988884729e-02
6.812363205988884729e-02
6.812363205988884729e-02
3.570904808662722640e-01
4.390455876179296668e-01
4.363816571913227693e-01
3.731792603203167857e-01
3.136532522952191759e-01
2.578036331160298844e-01
2.979335976638135541e-01
3.296938698838680626e-01
5.136217242099144764e-01
7.229838174621221469e-01
6.895010005584520929e-01
6.396217706237169454e-01
5.813729845692051645e-01
5.227813630982526272e-01
4.809732576593682696e-01
4.720023820751287347e-01
4.156000310246973362e-01
6.248137602562752191e-01
7.229838174621221469e-01
6.928513075660772680e-01
6.393680291456581566e-01
5.866145529347303045e-01
5.347733975896427072e-01
7.229838174621221469e-01
6.729674400566675319e-01
6.318902404283415208e-01
5.836985047545674155e-01
5.364192261545860374e-01
4.900522684204449142e-01
4.445976315521440458e-01
4.227600497553533621e-01
3.763782453543897955e-01
3.295329252910711437e-01
2.822240895653974624e-01
2.344516019694161679e-01
7.229838174621221469e-01
6.742841623334782097e-01
6.251209915424791319e-01
5.765232199623047116e-01
5.284908475929547267e-01
4.890507313457177485e-01
4.421491573980169676e-01
3.958129826611407331e-01
3.580692002543299224e-01
3.128639601470552534e-01
2.682241192506051308e-01
2.246472452154594790e-01
1.981869156562426626e-01
1.567358391357534519e-01
1.163477294765687120e-01
7.702258667868842890e-02
9.307630050126529386e-02
1.171568712351305636e-01
8.102049281321119234e-02
8.102049281321119234e-02
8.102049281321119234e-02
8.102049281321119234e-02
8.102049281321119234e-02
8.102049281321119234e-02
8.102049281321119234e-02
8.102049281321119234e-02
8.102049281321119234e-02
8.102049281321119234e-02
