4.056330239051950670e-01
3.465412325560361939e-01
2.936251362362618522e-01
2.307587982391065828e-01
1.660053094761272663e-01
1.020311681426761263e-01
6.089409258364579525e-02
3.839283416644007768e-02
2.601316567271324057e-02
1.916226270750635494e-02
1.534867342850790815e-02
1.321329350078843425e-02
1.201052409168852989e-02
5.969750384539346949e-02
2.560370831019528892e-01
7.449429959792184253e-01
6.843334442011748120e-01
6.232010592521347592e-01
5.615458411320981558e-01
4.993677898410649463e-01
4.366669053790351862e-01
3.746340855243899259e-01
3.132693302771291655e-01
2.525726396372528493e-01
5.715035262137534433e-01
5.121429647886461822e-01
4.534504679709235320e-01
3.954260357605853260e-01
3.622585732177800444e-01
3.026379433470903768e-01
2.488158970038733542e-01
4.991223858214672848e-01
4.730235657981353148e-01
7.449429959792184253e-01
7.449429959792184253e-01
6.717364248275902172e-01
7.449429959792184253e-01
6.682121419712430122e-01
5.902213899328303537e-01
7.449429959792184253e-01
6.644324478799314981e-01
5.826620017502076587e-01
7.449429959792184253e-01
6.606527537886202062e-01
5.751026135675848527e-01
4.878581065886902213e-01
3.989192328519363673e-01
3.792402364252661640e-01
2.869127517309679187e-01
1.928909002788103955e-01
9.717468206879359416e-02
6.957812150001899676e-01
5.966762632744545547e-01
4.985723667153155736e-01
4.014694027645988039e-01
3.053674939804783550e-01
2.102665178047800620e-01
1.161664742375039527e-01
6.863337947685573814e-01
5.942357389762997766e-01
5.031386157924643276e-01
4.122114807961986815e-01
3.375801481360941048e-01
2.469928669567935942e-01
1.565754514068885828e-01
6.651877641823747966e-01
5.751102024494350040e-01
4.852025063458906828e-01
3.954647984299160535e-01
3.044436613140641956e-01
2.121392175565093852e-01
1.185513445990773324e-01
7.449429959792184253e-01
7.449429959792184253e-01
6.475050805385030861e-01
5.487837358979105185e-01
4.487790846156149982e-01
3.501646107028961175e-01
2.529404367179280966e-01
1.571064401025367985e-01
6.630685090396839509e-01
5.700151122797942893e-01
4.783518928894813782e-01
5.090234987276615053e-01
4.201407566346760936e-01
3.702074356902098629e-01
7.449429959792184253e-01
6.600269603844309829e-01
5.656825358178657615e-01
4.699726906329056986e-01
3.728974248295506277e-01
2.744567384078006600e-01
1.746506313676557121e-01
6.507336382661527141e-01
5.506762869689653117e-01
4.504933135432567237e-01
3.501847179890268946e-01
2.497505003062758522e-01
1.491906604950036241e-01
7.449429959792184253e-01
6.441319119109036873e-01
5.441005429466397869e-01
4.448490116446006670e-01
3.463773180047863831e-01
2.486854620271969907e-01
1.517733211536582416e-01
6.653578216278064339e-01
5.700053560787173845e-01
4.754326056336790063e-01
3.808218621546488603e-01
2.861730030834527816e-01
1.914860284200907425e-01
9.676093816456277086e-02
6.966681876305674814e-01
6.018669887488817816e-01
5.070276742750301491e-01
4.121502442090125284e-01
3.181381974107883592e-01
2.249914113221834211e-01
1.327100085013719899e-01
6.777779177954876833e-01
5.872270363939147142e-01
4.975415382601352521e-01
4.087213008359750765e-01
3.207664466796082969e-01
7.449429959792184253e-01
6.574909980114589381e-01
5.702903668589162089e-01
4.833412250797641252e-01
7.449429959792184253e-01
6.584967103886736339e-01
5.723019141715197655e-01
4.863584847695823776e-01
4.005389616817279230e-01
3.148432223497821814e-01
2.292713893319192620e-01
1.438233400699650832e-01
6.741987313516103475e-01
5.889983721596477872e-01
5.039217967235939399e-01
4.189691276016228594e-01
3.350459471426549540e-01
2.521522553466901129e-01
1.702881747719025840e-01
8.945358286011811932e-02
4.898591163109100588e-02
2.937257229463036828e-02
1.979884924914943750e-02
1.509223141438597454e-02
1.280062047539914927e-02
1.165991883965524466e-02
3.013461580316221800e-01
3.910579127600676275e-01
3.953849832802446285e-01
3.385162746523015520e-01
2.849555337033009561e-01
2.347027604332428408e-01
2.808972510375742360e-01
3.187202943641444519e-01
5.094313800387837432e-01
7.449429959792184253e-01
7.173371008219390221e-01
6.732969125916897779e-01
6.208853996418534082e-01
5.681654077676386860e-01
5.322280192973766200e-01
5.291991709378327524e-01
4.784490565970047626e-01
6.944335646149967234e-01
7.449429959792184253e-01
7.203516642319255370e-01
6.722280941216713934e-01
6.247611907086041416e-01
5.781151819461077812e-01
7.449429959792184253e-01
6.999388990760376794e-01
6.638186651768107627e-01
6.204563575747717996e-01
5.779150671814777818e-01
5.361946714387544333e-01
4.952951703466020872e-01
4.781675088479077074e-01
4.364337542642002243e-01
3.942829342138023940e-01
3.517150486967141054e-01
3.087299751547611937e-01
7.449429959792184253e-01
7.011236689457104321e-01
6.568872764455121471e-01
6.131596229262812336e-01
5.699407083880175806e-01
5.352935011841042368e-01
4.930920646077753822e-01
4.513993670124138990e-01
4.182784993095767789e-01
3.776034022343241481e-01
3.374370441400389442e-01
2.982271300369532807e-01
2.760994740736585906e-01
2.388023253947978708e-01
2.024616207071366636e-01
1.670773600106750245e-01
1.487753574540044144e-01
1.394927672419161435e-01
1.069777159608789607e-01
7.975019579648232049e-02
6.064316604841408359e-02
4.712755733442489103e-02
3.749079709250417725e-02
3.056487279105898902e-02
2.554758149987207752e-02
2.188408161420424269e-02
1.918791557939774836e-02
1.718805817337448749e-02
